time	syntax_penn_tok2	syntax_penn_lem2	syntax_stan_tok2	syntax_stan_lem2	lexical_tok2	lexical_lem2	cosine_semanticL	partner_direction	condition_info
0	0.0	0.0	0.0	0.0	0.0	0.0	0.15211958326549013	Judge:>Mitsuku:	Mitsuko10-Mitsuko25-cond1
1	0.0	0.0	0.0	0.0	0.0	0.0	0.3762250229756059	Mitsuku:>Judge:	Mitsuko10-Mitsuko25-cond1
2	0.0	0.0	0.0	0.0	0.0	0.0	0.2843757294629282	Judge:>Mitsuku:	Mitsuko10-Mitsuko25-cond1
3	0.0	0.0	0.0	0.0	0.0	0.0	0.28037444161353675	Mitsuku:>Judge:	Mitsuko10-Mitsuko25-cond1
4	0.0	0.0	0.0	0.0	0.0	0.0	0.19611122147872928	Judge:>Mitsuku:	Mitsuko10-Mitsuko25-cond1
5	0.0	0.0	0.0	0.0	0.0	0.0	0.20787047776323853	Mitsuku:>Judge:	Mitsuko10-Mitsuko25-cond1
6	0.0	0.0	0.0	0.0	0.0	0.0	0.44180352766452713	Judge:>Mitsuku:	Mitsuko10-Mitsuko25-cond1
0	0.0	0.0	0.0	0.0	0.0	0.0	0.3551183642680422	Judge:>Mitsuku:	Mitsuko11-Mitsuko7-cond1
1	0.0	0.0	0.0	0.0	0.0	0.0	0.14679754552819002	Mitsuku:>Judge:	Mitsuko11-Mitsuko7-cond1
2	0.0	0.0	0.0	0.0	0.0	0.0	0.4597681818734597	Judge:>Mitsuku:	Mitsuko11-Mitsuko7-cond1
3	0.0	0.0	0.0	0.0	0.0	0.0	0.19097825562700455	Mitsuku:>Judge:	Mitsuko11-Mitsuko7-cond1
4	0.0	0.0	0.0	0.0	0.0	0.0	0.23741756658360047	Judge:>Mitsuku:	Mitsuko11-Mitsuko7-cond1
5	0.0	0.0	0.0	0.0	0.0	0.0	0.3394523779186349	Mitsuku:>Judge:	Mitsuko11-Mitsuko7-cond1
6	0.18257418583505536	0.18257418583505536	0.18257418583505536	0.18257418583505536	0.0	0.0	0.4133228789759803	Judge:>Mitsuku:	Mitsuko11-Mitsuko7-cond1
7	0.0	0.0	0.0	0.0	0.0	0.0	0.1082642509466254	Mitsuku:>Judge:	Mitsuko11-Mitsuko7-cond1
8	0.0	0.0	0.0	0.40824829046386296	0.0	0.0	0.10071689560430275	Judge:>Mitsuku:	Mitsuko11-Mitsuko7-cond1
9	0.0	0.5773502691896258	0.0	0.5773502691896258	0.0	0.0	0.49129862627829834	Mitsuku:>Judge:	Mitsuko11-Mitsuko7-cond1
10	0.17407765595569785	0.1690308509457033	0.07624928516630233	0.3812464258315117	0.0	0.0	0.48509888763865705	Judge:>Mitsuku:	Mitsuko11-Mitsuko7-cond1
0	0.0	0.0	0.0	0.0	0.0	0.0	0.5915340334443995	Judge:>Mitsuku:	Mitsuko12-Mitsuko3-cond1
1	0.0	0.0	0.0	0.0	0.0	0.0	0.3798379094729478	Mitsuku:>Judge:	Mitsuko12-Mitsuko3-cond1
2	0.0	0.0	0.0	0.0	0.0	0.0	0.31062752399506155	Judge:>Mitsuku:	Mitsuko12-Mitsuko3-cond1
3	0.0	0.0	0.0	0.0	0.0	0.0	0.2623466056836121	Mitsuku:>Judge:	Mitsuko12-Mitsuko3-cond1
4	0.0	0.0	0.0	0.0	0.0	0.0	0.3055330506547912	Judge:>Mitsuku:	Mitsuko12-Mitsuko3-cond1
5	0.0	0.0	0.35355339059327373	0.31622776601683794	0.0	0.0	0.37355266167632295	Mitsuku:>Judge:	Mitsuko12-Mitsuko3-cond1
6	0.0	0.0	0.0	0.0	0.0	0.0	0.6936954155318273	Judge:>Mitsuku:	Mitsuko12-Mitsuko3-cond1
7	0.0	0.0	0.0	0.0	0.0	0.0	0.7209226394164149	Mitsuku:>Judge:	Mitsuko12-Mitsuko3-cond1
8	0.0	0.0	0.0	0.0	0.0	0.0	0.18113142859493314	Judge:>Mitsuku:	Mitsuko12-Mitsuko3-cond1
0	0.0	0.0	0.0	0.0	0.0	0.0	0.26520661957028535	Judge:>Mitsuku:	Mitsuko15-Mitsuko8-cond1
0	0.1386750490563073	0.1386750490563073	0.0	0.1336306209562122	0.0	0.0	0.49623791123701566	Judge:>Mitsuku:	Mitsuko17-Mitsuko37-cond1
1	0.11322770341445959	0.11322770341445959	0.1091089451179962	0.2182178902359924	0.0	0.0	0.3950619868541735	Mitsuku:>Judge:	Mitsuko17-Mitsuko37-cond1
2	0.07715167498104596	0.223606797749979	0.08006407690254358	0.35007002100700246	0.0	0.0	0.5459270972068523	Judge:>Mitsuku:	Mitsuko17-Mitsuko37-cond1
3	0.16903085094570328	0.3265986323710904	0.17541160386140586	0.30678599553894814	0.0	0.0	0.49135303223356486	Mitsuku:>Judge:	Mitsuko17-Mitsuko37-cond1
4	0.0	0.0	0.0	0.16903085094570328	0.0	0.0	0.3633091575975629	Judge:>Mitsuku:	Mitsuko17-Mitsuko37-cond1
5	0.0	0.0	0.0	0.0	0.0	0.0	0.5089861305966017	Mitsuku:>Judge:	Mitsuko17-Mitsuko37-cond1
6	0.0	0.0	0.0	0.0	0.0	0.0	0.5269874705401887	Judge:>Mitsuku:	Mitsuko17-Mitsuko37-cond1
7	0.0	0.0	0.0	0.0	0.0	0.0	0.30890173078741123	Mitsuku:>Judge:	Mitsuko17-Mitsuko37-cond1
8	0.0	0.0	0.0	0.0	0.0	0.0	0.31495738952856944	Judge:>Mitsuku:	Mitsuko17-Mitsuko37-cond1
9	0.15811388300841897	0.15811388300841897	0.0	0.31622776601683794	0.0	0.0	0.19630924005033057	Mitsuku:>Judge:	Mitsuko17-Mitsuko37-cond1
10	0.0	0.3651483716701107	0.0	0.3651483716701107	0.0	0.0	0.10377579920672453	Judge:>Mitsuku:	Mitsuko17-Mitsuko37-cond1
11	0.0	0.0	0.0	0.0	0.0	0.0	0.3054213040159335	Mitsuku:>Judge:	Mitsuko17-Mitsuko37-cond1
12	0.0	0.0	0.0	0.0	0.0	0.0	0.3348025997966314	Judge:>Mitsuku:	Mitsuko17-Mitsuko37-cond1
13	0.0	0.0	0.0	0.0	0.0	0.0	0.47185192374615037	Mitsuku:>Judge:	Mitsuko17-Mitsuko37-cond1
14	0.0	0.0	0.0	0.0	0.0	0.0	0.4704482675837569	Judge:>Mitsuku:	Mitsuko17-Mitsuko37-cond1
15	0.0	0.3651483716701107	0.0	0.3651483716701107	0.0	0.0	0.10377579920672453	Mitsuku:>Judge:	Mitsuko17-Mitsuko37-cond1
16	0.15811388300841897	0.15811388300841897	0.0	0.31622776601683794	0.0	0.0	0.19630924005033057	Judge:>Mitsuku:	Mitsuko17-Mitsuko37-cond1
17	0.0	0.0	0.0	0.0	0.0	0.0	0.47185192374615037	Mitsuku:>Judge:	Mitsuko17-Mitsuko37-cond1
18	0.0	0.0	0.0	0.0	0.0	0.0	0.4704482675837569	Judge:>Mitsuku:	Mitsuko17-Mitsuko37-cond1
19	0.0	0.0	0.0	0.0	0.0	0.0	0.1606740079618163	Mitsuku:>Judge:	Mitsuko17-Mitsuko37-cond1
20	0.0	0.0	0.0	0.0	0.0	0.0	0.18259136111106622	Judge:>Mitsuku:	Mitsuko17-Mitsuko37-cond1
0	0.0	0.0	0.0	0.0	0.0	0.0	0.3343427524823621	Judge:>Mitsuku:	Mitsuko17-Mitsuko3-cond1
1	0.0	0.0	0.0	0.0	0.0	0.0	0.24497067586090526	Mitsuku:>Judge:	Mitsuko17-Mitsuko3-cond1
2	0.12909944487358058	0.12909944487358058	0.12909944487358058	0.12909944487358058	0.0	0.0	0.306308350836611	Judge:>Mitsuku:	Mitsuko17-Mitsuko3-cond1
3	0.14142135623730948	0.14142135623730948	0.14142135623730948	0.14142135623730948	0.0	0.0	0.31407811131153696	Mitsuku:>Judge:	Mitsuko17-Mitsuko3-cond1
4	0.4743416490252569	0.5656854249492379	0.4743416490252569	0.5656854249492379	0.0	0.0	0.46325859547446857	Judge:>Mitsuku:	Mitsuko17-Mitsuko3-cond1
5	0.0	0.0	0.0	0.0	0.0	0.0	0.39880598776388254	Mitsuku:>Judge:	Mitsuko17-Mitsuko3-cond1
6	0.31622776601683794	0.31622776601683794	0.0	0.0	0.0	0.0	0.6980490422406448	Judge:>Mitsuku:	Mitsuko17-Mitsuko3-cond1
7	0.0	0.0	0.0	0.0	0.0	0.0	0.5059128323336382	Mitsuku:>Judge:	Mitsuko17-Mitsuko3-cond1
8	0.0	0.0	0.0	0.0	0.0	0.0	0.16436117430608466	Judge:>Mitsuku:	Mitsuko17-Mitsuko3-cond1
0	0.0	0.2886751345948129	0.0	0.2886751345948129	0.0	0.0	0.4864106078059054	Judge:>Mitsuku:	Mitsuko18-Mitsuko21-cond1
1	0.0	0.0	0.0	0.0	0.0	0.0	0.33293469406767073	Mitsuku:>Judge:	Mitsuko18-Mitsuko21-cond1
2	0.0	0.4472135954999579	0.0	0.0	0.0	0.0	0.30434171223964324	Judge:>Mitsuku:	Mitsuko18-Mitsuko21-cond1
0	0.0	0.0	0.0	0.0	0.0	0.0	0.07272263036584614	Judge:>Mitsuku:	Mitsuko19-Mitsuko45-cond1
1	0.0	0.0	0.0	0.0	0.0	0.0	0.48899232518334856	Mitsuku:>Judge:	Mitsuko19-Mitsuko45-cond1
2	0.23570226039551587	0.23570226039551587	0.0	0.0	0.0	0.0	0.5217102011125637	Judge:>Mitsuku:	Mitsuko19-Mitsuko45-cond1
3	0.0	0.23570226039551587	0.0	0.23570226039551587	0.0	0.0	0.5181173205107906	Mitsuku:>Judge:	Mitsuko19-Mitsuko45-cond1
4	0.0	0.0	0.0	0.0	0.0	0.0	0.5946113342446665	Judge:>Mitsuku:	Mitsuko19-Mitsuko45-cond1
5	0.0	0.0	0.0	0.0	0.0	0.0	0.42918389197113505	Mitsuku:>Judge:	Mitsuko19-Mitsuko45-cond1
6	0.0	0.17677669529663687	0.0	0.0	0.0	0.0	0.4213730188928857	Judge:>Mitsuku:	Mitsuko19-Mitsuko45-cond1
7	0.0	0.0	0.0	0.0	0.0	0.0	0.5445648843075624	Mitsuku:>Judge:	Mitsuko19-Mitsuko45-cond1
8	0.0	0.0	0.0	0.0	0.0	0.0	0.22865698189650507	Judge:>Mitsuku:	Mitsuko19-Mitsuko45-cond1
9	0.0	0.0	0.0	0.0	0.0	0.0	0.2923618901192173	Mitsuku:>Judge:	Mitsuko19-Mitsuko45-cond1
10	0.0	0.0	0.0	0.0	0.0	0.0	0.27046068158648406	Judge:>Mitsuku:	Mitsuko19-Mitsuko45-cond1
11	0.0	0.33333333333333337	0.0	0.0	0.0	0.0	0.3157836867154351	Mitsuku:>Judge:	Mitsuko19-Mitsuko45-cond1
12	0.0	0.0	0.0	0.0	0.0	0.0	0.2696934742134407	Judge:>Mitsuku:	Mitsuko19-Mitsuko45-cond1
13	0.0	0.0	0.0	0.0	0.0	0.0	0.18522212450924858	Mitsuku:>Judge:	Mitsuko19-Mitsuko45-cond1
14	0.08304547985373997	0.0	0.08304547985373997	0.0	0.0	0.0	0.5425687513816676	Judge:>Mitsuku:	Mitsuko19-Mitsuko45-cond1
15	0.0	0.0	0.0	0.0	0.0	0.0	0.4330310872064125	Mitsuku:>Judge:	Mitsuko19-Mitsuko45-cond1
16	0.0	0.0	0.0	0.13608276348795434	0.0	0.0	0.2585571956369711	Judge:>Mitsuku:	Mitsuko19-Mitsuko45-cond1
17	0.0	0.0	0.0	0.13608276348795434	0.0	0.0	0.2765343113047667	Mitsuku:>Judge:	Mitsuko19-Mitsuko45-cond1
18	0.0	0.0	0.0	0.0	0.0	0.0	0.22789617301240106	Judge:>Mitsuku:	Mitsuko19-Mitsuko45-cond1
19	0.28284271247461895	0.28284271247461895	0.28284271247461895	0.28284271247461895	0.0	0.0	0.49006419396364054	Mitsuku:>Judge:	Mitsuko19-Mitsuko45-cond1
20	0.19999999999999996	0.19999999999999996	0.16903085094570328	0.16903085094570328	0.0	0.0	0.4521152954421461	Judge:>Mitsuku:	Mitsuko19-Mitsuko45-cond1
21	0.0	0.0	0.0	0.16903085094570328	0.0	0.0	0.27452616193758694	Mitsuku:>Judge:	Mitsuko19-Mitsuko45-cond1
22	0.2051956704170308	0.19999999999999996	0.2051956704170308	0.21081851067789195	0.0	0.0	0.6053967462052233	Judge:>Mitsuku:	Mitsuko19-Mitsuko45-cond1
23	0.16222142113076252	0.0	0.16222142113076252	0.0	0.0	0.0	0.2747454375814662	Mitsuku:>Judge:	Mitsuko19-Mitsuko45-cond1
24	0.0	0.0	0.0	0.0	0.0	0.0	0.09352924955080766	Judge:>Mitsuku:	Mitsuko19-Mitsuko45-cond1
25	0.0	0.0	0.0	0.0	0.0	0.0	0.3822285837991428	Mitsuku:>Judge:	Mitsuko19-Mitsuko45-cond1
26	0.0	0.0	0.0	0.0	0.0	0.0	0.4315212973323965	Judge:>Mitsuku:	Mitsuko19-Mitsuko45-cond1
27	0.15430334996209194	0.0	0.15430334996209194	0.15430334996209194	0.0	0.0	0.49199032029127765	Mitsuku:>Judge:	Mitsuko19-Mitsuko45-cond1
28	0.0	0.0	0.0	0.0	0.0	0.0	0.3968590170511712	Judge:>Mitsuku:	Mitsuko19-Mitsuko45-cond1
29	0.0	0.2886751345948129	0.0	0.2886751345948129	0.0	0.0	-0.004042010522557371	Mitsuku:>Judge:	Mitsuko19-Mitsuko45-cond1
30	0.18257418583505536	0.0	0.0	0.18257418583505536	0.0	0.0	0.24468215942351168	Judge:>Mitsuku:	Mitsuko19-Mitsuko45-cond1
31	0.25819888974716115	0.25819888974716115	0.12909944487358058	0.12909944487358058	0.12909944487358058	0.12909944487358058	0.5645034296690611	Mitsuku:>Judge:	Mitsuko19-Mitsuko45-cond1
32	0.0	0.0	0.0	0.0	0.0	0.0	0.5483020329269501	Judge:>Mitsuku:	Mitsuko19-Mitsuko45-cond1
33	0.0	0.0	0.0	0.0	0.0	0.0	0.4836314678556941	Mitsuku:>Judge:	Mitsuko19-Mitsuko45-cond1
34	0.0	0.0	0.0	0.0	0.0	0.0	0.5561411637423967	Judge:>Mitsuku:	Mitsuko19-Mitsuko45-cond1
35	0.0	0.0	0.0	0.0	0.0	0.0	0.5838734141937574	Mitsuku:>Judge:	Mitsuko19-Mitsuko45-cond1
36	0.0	0.0	0.0	0.0	0.0	0.0	0.5067162856756582	Judge:>Mitsuku:	Mitsuko19-Mitsuko45-cond1
37	0.0	0.0	0.0	0.0	0.0	0.0	0.37556957950695347	Mitsuku:>Judge:	Mitsuko19-Mitsuko45-cond1
38	0.0	0.0	0.0	0.0	0.0	0.0	0.3737114458203369	Judge:>Mitsuku:	Mitsuko19-Mitsuko45-cond1
39	0.0	0.09805806756909201	0.0	0.0	0.0	0.0	0.48317074224217504	Mitsuku:>Judge:	Mitsuko19-Mitsuko45-cond1
40	0.0	0.07372097807744857	0.0	0.07715167498104596	0.0	0.0	0.4668075131964011	Judge:>Mitsuku:	Mitsuko19-Mitsuko45-cond1
0	0.0	0.0	0.0	0.0	0.0	0.0	0.5172304515690006	Judge:>Mitsuku:	Mitsuko1-Mitsuko7-cond1
1	0.0	0.0	0.0	0.0	0.0	0.0	0.11320676880004088	Mitsuku:>Judge:	Mitsuko1-Mitsuko7-cond1
2	0.0	0.24999999999999994	0.0	0.24999999999999994	0.0	0.0	0.5165130351128024	Judge:>Mitsuku:	Mitsuko1-Mitsuko7-cond1
0	0.0	0.23570226039551587	0.0	0.23570226039551587	0.0	0.0	0.37530229052601094	Judge:>Mitsuku:	Mitsuko20-Mitsuko28-cond1
0	0.0	0.0	0.0	0.0	0.0	0.0	0.49364223105519334	Judge:>Mitsuku:	Mitsuko21-Mitsuko18-cond1
1	0.0	0.0	0.0	0.0	0.0	0.0	0.3666324261488043	Mitsuku:>Judge:	Mitsuko21-Mitsuko18-cond1
2	0.0	0.0	0.0	0.0	0.0	0.0	0.32613181880552755	Judge:>Mitsuku:	Mitsuko21-Mitsuko18-cond1
0	0.06454972243679027	0.0	0.1507556722888818	0.21650635094610968	0.0	0.0	0.33302525924199133	Judge:>Mitsuku:	Mitsuko22-Mitsuko41-cond1
1	0.0816496580927726	0.0	0.19069251784911842	0.18257418583505536	0.0	0.0	0.4121768861742994	Mitsuku:>Judge:	Mitsuko22-Mitsuko41-cond1
2	0.33806170189140655	0.16903085094570328	0.16903085094570328	0.16903085094570328	0.0	0.0	0.3354809834113086	Judge:>Mitsuku:	Mitsuko22-Mitsuko41-cond1
0	0.0	0.2182178902359924	0.0	0.2182178902359924	0.0	0.0	0.5911964559428626	Judge:>Mitsuku:	Mitsuko23-Mitsuko6-cond1
1	0.0	0.2581988897471611	0.0	0.2581988897471611	0.0	0.0	0.5068809317949209	Mitsuku:>Judge:	Mitsuko23-Mitsuko6-cond1
2	0.0	0.0	0.0	0.0	0.0	0.0	0.5722073072538603	Judge:>Mitsuku:	Mitsuko23-Mitsuko6-cond1
3	0.25819888974716115	0.12909944487358058	0.12909944487358058	0.0	0.0	0.0	0.4452897195235901	Mitsuku:>Judge:	Mitsuko23-Mitsuko6-cond1
4	0.0	0.0	0.0	0.0	0.0	0.0	0.41899992103640993	Judge:>Mitsuku:	Mitsuko23-Mitsuko6-cond1
5	0.0	0.0	0.0	0.0	0.0	0.0	0.44062213334582934	Mitsuku:>Judge:	Mitsuko23-Mitsuko6-cond1
6	0.0	0.0	0.0	0.0	0.0	0.0	0.3030755562264362	Judge:>Mitsuku:	Mitsuko23-Mitsuko6-cond1
7	0.2886751345948129	0.0	0.0	0.2886751345948129	0.0	0.0	0.16021635261149414	Mitsuku:>Judge:	Mitsuko23-Mitsuko6-cond1
8	0.0	0.0	0.0	0.12126781251816648	0.0	0.0	0.636521515302889	Judge:>Mitsuku:	Mitsuko23-Mitsuko6-cond1
9	0.0	0.0	0.0	0.10846522890932808	0.0	0.0	0.6252664893843005	Mitsuku:>Judge:	Mitsuko23-Mitsuko6-cond1
10	0.12909944487358055	0.23904572186687872	0.12909944487358055	0.3872983346207417	0.0	0.0	0.6869500794618677	Judge:>Mitsuku:	Mitsuko23-Mitsuko6-cond1
11	0.2182178902359924	0.20203050891044214	0.2182178902359924	0.2182178902359924	0.0	0.0	0.7377792761759709	Mitsuku:>Judge:	Mitsuko23-Mitsuko6-cond1
12	0.0	0.0	0.0	0.0	0.0	0.0	0.46549556703630635	Judge:>Mitsuku:	Mitsuko23-Mitsuko6-cond1
13	0.0	0.0	0.0	0.12309149097933275	0.0	0.0	0.3596460206024492	Mitsuku:>Judge:	Mitsuko23-Mitsuko6-cond1
14	0.1543033499620919	0.0	0.1543033499620919	0.3086066999241838	0.0	0.0	0.42692695126441504	Judge:>Mitsuku:	Mitsuko23-Mitsuko6-cond1
15	0.0	0.0	0.0	0.0	0.0	0.0	0.40923371242201534	Mitsuku:>Judge:	Mitsuko23-Mitsuko6-cond1
16	0.07106690545187015	0.19245008972987526	0.08084520834544433	0.13703774196550633	0.0	0.0	0.41157147555678963	Judge:>Mitsuku:	Mitsuko23-Mitsuko6-cond1
17	0.18556740475630137	0.5450865450217846	0.1688801323682996	0.29623860840448496	0.0	0.03959037912324479	0.725419608014176	Mitsuku:>Judge:	Mitsuko23-Mitsuko6-cond1
18	0.08703882797784893	0.372677996249965	0.08703882797784893	0.4003203845127179	0.0	0.0	0.6416683579135252	Judge:>Mitsuku:	Mitsuko23-Mitsuko6-cond1
19	0.3273268353539886	0.3273268353539886	0.2182178902359924	0.2182178902359924	0.0	0.0	0.5987632064602427	Mitsuku:>Judge:	Mitsuko23-Mitsuko6-cond1
20	0.2279211529192759	0.3418817293789138	0.1259881576697424	0.1259881576697424	0.0	0.0	0.3202474139558824	Judge:>Mitsuku:	Mitsuko23-Mitsuko6-cond1
21	0.0	0.0	0.0	0.0	0.0	0.0	0.3275475244839334	Mitsuku:>Judge:	Mitsuko23-Mitsuko6-cond1
22	0.0	0.0	0.0	0.0	0.0	0.0	0.6540316832644918	Judge:>Mitsuku:	Mitsuko23-Mitsuko6-cond1
23	0.07856742013183861	0.23570226039551584	0.0944911182523068	0.0	0.0	0.0	0.3124479577841648	Mitsuku:>Judge:	Mitsuko23-Mitsuko6-cond1
24	0.0	0.0	0.0	0.0	0.0	0.0	0.10847598822159221	Judge:>Mitsuku:	Mitsuko23-Mitsuko6-cond1
25	0.0	0.0	0.0	0.0	0.0	0.0	0.3438412046073336	Mitsuku:>Judge:	Mitsuko23-Mitsuko6-cond1
26	0.0	0.14142135623730948	0.0	0.0	0.0	0.0	0.3758917348252101	Judge:>Mitsuku:	Mitsuko23-Mitsuko6-cond1
27	0.0	0.0	0.0	0.0	0.0	0.0	0.5032848560777515	Mitsuku:>Judge:	Mitsuko23-Mitsuko6-cond1
28	0.10050378152592121	0.2175970699446223	0.0	0.045454545454545456	0.0	0.0	0.5243100096115922	Judge:>Mitsuku:	Mitsuko23-Mitsuko6-cond1
29	0.28603877677367767	0.3195048252113469	0.14301938838683884	0.19069251784911848	0.0	0.0	0.5184831645501549	Mitsuku:>Judge:	Mitsuko23-Mitsuko6-cond1
30	0.21081851067789195	0.31622776601683794	0.11952286093343936	0.23904572186687872	0.0	0.0	0.5985163151282408	Judge:>Mitsuku:	Mitsuko23-Mitsuko6-cond1
31	0.0	0.0	0.0	0.0	0.0	0.0	0.5768914944054245	Mitsuku:>Judge:	Mitsuko23-Mitsuko6-cond1
32	0.12309149097933275	0.12309149097933275	0.11322770341445959	0.12309149097933275	0.0	0.0	0.43138623472217086	Judge:>Mitsuku:	Mitsuko23-Mitsuko6-cond1
33	0.0	0.14433756729740646	0.0	0.14433756729740646	0.0	0.0	0.3108972739980729	Mitsuku:>Judge:	Mitsuko23-Mitsuko6-cond1
34	0.18257418583505533	0.34299717028501764	0.0	0.09805806756909201	0.0	0.0	0.49016446634449307	Judge:>Mitsuku:	Mitsuko23-Mitsuko6-cond1
0	0.0	0.0	0.0	0.0	0.0	0.0		Judge:>Mitsuku:	Mitsuko24-Mitsuko33-cond1
1	0.0	0.0	0.0	0.0	0.0	0.0	0.2627271261947819	Mitsuku:>Judge:	Mitsuko24-Mitsuko33-cond1
2	0.0	0.0	0.0	0.0	0.0	0.0	0.5225517839127141	Judge:>Mitsuku:	Mitsuko24-Mitsuko33-cond1
3	0.12126781251816648	0.1178511301977579	0.12909944487358055	0.12909944487358055	0.0	0.0	0.4994210382370916	Mitsuku:>Judge:	Mitsuko24-Mitsuko33-cond1
4	0.0	0.0	0.0	0.20412414523193148	0.0	0.0	0.26021515139573836	Judge:>Mitsuku:	Mitsuko24-Mitsuko33-cond1
5	0.0	0.1336306209562122	0.0	0.14433756729740646	0.0	0.0	0.33784524265447835	Mitsuku:>Judge:	Mitsuko24-Mitsuko33-cond1
6	0.0	0.0	0.0	0.0	0.0	0.0	0.42061714052134	Judge:>Mitsuku:	Mitsuko24-Mitsuko33-cond1
7	0.4082482904638631	0.5443310539518174	0.4082482904638631	0.5443310539518174	0.0	0.0	0.6204743486846167	Mitsuku:>Judge:	Mitsuko24-Mitsuko33-cond1
8	0.1543033499620919	0.1543033499620919	0.1543033499620919	0.1543033499620919	0.0	0.0	0.42552488773348207	Judge:>Mitsuku:	Mitsuko24-Mitsuko33-cond1
9	0.0	0.0	0.0	0.0	0.0	0.0	0.3120840534817695	Mitsuku:>Judge:	Mitsuko24-Mitsuko33-cond1
10	0.0	0.0	0.0	0.0	0.0	0.0	0.42853166088601324	Judge:>Mitsuku:	Mitsuko24-Mitsuko33-cond1
11	0.0	0.0	0.0	0.0	0.0	0.0	0.6405368533759734	Mitsuku:>Judge:	Mitsuko24-Mitsuko33-cond1
12	0.0	0.0	0.0	0.0	0.0	0.0	0.6298440400499805	Judge:>Mitsuku:	Mitsuko24-Mitsuko33-cond1
13	0.0	0.0	0.0	0.0	0.0	0.0	0.29968602813139156	Mitsuku:>Judge:	Mitsuko24-Mitsuko33-cond1
14	0.0	0.0	0.0	0.0	0.0	0.0	0.2772855129576164	Judge:>Mitsuku:	Mitsuko24-Mitsuko33-cond1
15	0.0	0.0	0.0	0.0	0.0	0.0	0.10670772132360462	Mitsuku:>Judge:	Mitsuko24-Mitsuko33-cond1
16	0.35355339059327373	0.0	0.0	0.0	0.0	0.0	0.13380706507147466	Judge:>Mitsuku:	Mitsuko24-Mitsuko33-cond1
17	0.10206207261596577	0.0	0.20412414523193154	0.0	0.0	0.0	0.5682439900318151	Mitsuku:>Judge:	Mitsuko24-Mitsuko33-cond1
18	0.062257280636469035	0.11664236870396087	0.20134681656420733	0.3112864031823452	0.0	0.0	0.5703533278968026	Judge:>Mitsuku:	Mitsuko24-Mitsuko33-cond1
19	0.053916386601719206	0.10101525445522107	0.05812381937190964	0.10783277320343841	0.0	0.0	0.7550547816780704	Mitsuku:>Judge:	Mitsuko24-Mitsuko33-cond1
20	0.17149858514250882	0.1543033499620919	0.17149858514250882	0.1543033499620919	0.0	0.0	0.7913889969166358	Judge:>Mitsuku:	Mitsuko24-Mitsuko33-cond1
21	0.17149858514250882	0.1543033499620919	0.17149858514250882	0.1543033499620919	0.0	0.0	0.1941031988651991	Mitsuku:>Judge:	Mitsuko24-Mitsuko33-cond1
22	0.20412414523193148	0.1889822365046136	0.0	0.0	0.0	0.0	0.17153025543736233	Judge:>Mitsuku:	Mitsuko24-Mitsuko33-cond1
23	0.13245323570650439	0.18394180184548972	0.0	0.06622661785325219	0.0	0.0	0.6700936803745942	Mitsuku:>Judge:	Mitsuko24-Mitsuko33-cond1
24	0.4103913408340616	0.44992127066584753	0.4103913408340616	0.44992127066584753	0.0	0.0	0.5052055668803415	Judge:>Mitsuku:	Mitsuko24-Mitsuko33-cond1
25	0.19999999999999996	0.2631174057921088	0.19999999999999996	0.2631174057921088	0.0	0.0	0.5738228723579669	Mitsuku:>Judge:	Mitsuko24-Mitsuko33-cond1
26	0.12649110640673517	0.11547005383792514	0.06454972243679027	0.05679618342470648	0.0	0.0	0.6876290885912905	Judge:>Mitsuku:	Mitsuko24-Mitsuko33-cond1
27	0.07071067811865475	0.19364916731037085	0.0	0.06350006350009525	0.0	0.0	0.3997730702496769	Mitsuku:>Judge:	Mitsuko24-Mitsuko33-cond1
28	0.1889822365046136	0.1889822365046136	0.1889822365046136	0.1889822365046136	0.0	0.0	0.42527324932850785	Judge:>Mitsuku:	Mitsuko24-Mitsuko33-cond1
29	0.0	0.1259881576697424	0.0	0.1259881576697424	0.0	0.0	0.49223169054934424	Mitsuku:>Judge:	Mitsuko24-Mitsuko33-cond1
30	0.14907119849998599	0.19611613513818404	0.21320071635561044	0.2519763153394848	0.0	0.0	0.4477058167824337	Judge:>Mitsuku:	Mitsuko24-Mitsuko33-cond1
31	0.25354627641855493	0.22237479499833035	0.24174688920761409	0.21428571428571425	0.0	0.0	0.3484187443573896	Mitsuku:>Judge:	Mitsuko24-Mitsuko33-cond1
32	0.0	0.0	0.0	0.0	0.0	0.0	0.5084292183096509	Judge:>Mitsuku:	Mitsuko24-Mitsuko33-cond1
0	0.0	0.0	0.0	0.0	0.0	0.0	0.2862293098358375	Judge:>Mitsuku:	Mitsuko25-Mitsuko10-cond1
1	0.0	0.0	0.0	0.0	0.0	0.0	0.3886371176196384	Mitsuku:>Judge:	Mitsuko25-Mitsuko10-cond1
2	0.0	0.0	0.0	0.0	0.0	0.0	0.2962343051721794	Judge:>Mitsuku:	Mitsuko25-Mitsuko10-cond1
3	0.20412414523193148	0.0	0.0	0.0	0.0	0.0	0.12839764519154484	Mitsuku:>Judge:	Mitsuko25-Mitsuko10-cond1
4	0.0	0.0	0.0	0.0	0.0	0.0	0.26683048549787747	Judge:>Mitsuku:	Mitsuko25-Mitsuko10-cond1
5	0.0	0.0	0.0	0.0	0.0	0.0	0.4777475813126516	Mitsuku:>Judge:	Mitsuko25-Mitsuko10-cond1
6	0.2672612419124244	0.25	0.1336306209562122	0.2672612419124244	0.14433756729740646	0.2672612419124244	0.40088638098727936	Judge:>Mitsuku:	Mitsuko25-Mitsuko10-cond1
0	0.35355339059327373	0.31622776601683794	0.17677669529663687	0.3333333333333333	0.0	0.0	0.3828903202165662	Judge:>Mitsuku:	Mitsuko26-Mitsuko2-cond1
1	0.2886751345948129	0.12909944487358055	0.0	0.0	0.0	0.0	0.48954107228338595	Mitsuku:>Judge:	Mitsuko26-Mitsuko2-cond1
2	0.06375767130633382	0.12104550653376049	0.0	0.0	0.0	0.0	0.44520669407582947	Judge:>Mitsuku:	Mitsuko26-Mitsuko2-cond1
3	0.0	0.0	0.0	0.0	0.0	0.0	0.368481083217542	Mitsuku:>Judge:	Mitsuko26-Mitsuko2-cond1
4	0.0	0.0	0.0	0.0	0.0	0.0	0.29799411747226645	Judge:>Mitsuku:	Mitsuko26-Mitsuko2-cond1
5	0.0	0.0	0.23570226039551587	0.23570226039551587	0.0	0.0	0.37168559442586835	Mitsuku:>Judge:	Mitsuko26-Mitsuko2-cond1
6	0.0	0.0	0.0	0.0	0.0	0.0	0.1913601560789674	Judge:>Mitsuku:	Mitsuko26-Mitsuko2-cond1
0	0.17149858514250882	0.21320071635561041	0.21320071635561041	0.21320071635561041	0.0	0.0	0.35229055393540787	Judge:>Mitsuku:	Mitsuko26-Mitsuko30-cond1
1	0.0	0.17407765595569785	0.0	0.0	0.0	0.0	0.3817367088011816	Mitsuku:>Judge:	Mitsuko26-Mitsuko30-cond1
2	0.0	0.0	0.0	0.0	0.0	0.0	0.34197279918760226	Judge:>Mitsuku:	Mitsuko26-Mitsuko30-cond1
3	0.0	0.20412414523193148	0.22360679774997896	0.20412414523193148	0.0	0.0	0.3080623830543985	Mitsuku:>Judge:	Mitsuko26-Mitsuko30-cond1
4	0.0	0.0	0.0	0.0	0.0	0.0	0.4984528823107168	Judge:>Mitsuku:	Mitsuko26-Mitsuko30-cond1
5	0.0	0.0	0.13608276348795434	0.13608276348795434	0.0	0.0	0.5003677752968403	Mitsuku:>Judge:	Mitsuko26-Mitsuko30-cond1
6	0.0	0.0	0.3849001794597505	0.3849001794597505	0.0	0.0	0.32170301479748054	Judge:>Mitsuku:	Mitsuko26-Mitsuko30-cond1
7	0.0	0.0	0.3333333333333333	0.3333333333333333	0.0	0.0	0.3043834357761739	Mitsuku:>Judge:	Mitsuko26-Mitsuko30-cond1
8	0.3375263702778072	0.5765566601970551	0.0	0.0	0.0	0.0	0.4156421315564447	Judge:>Mitsuku:	Mitsuko26-Mitsuko30-cond1
9	0.0	0.0	0.0	0.0	0.0	0.0	0.36669897560172404	Mitsuku:>Judge:	Mitsuko26-Mitsuko30-cond1
10	0.0	0.0	0.0	0.10540925533894598	0.0	0.0	0.5323132225619331	Judge:>Mitsuku:	Mitsuko26-Mitsuko30-cond1
11	0.10540925533894598	0.39605901719066977	0.0	0.10540925533894598	0.0	0.0	0.23884528268163585	Mitsuku:>Judge:	Mitsuko26-Mitsuko30-cond1
12	0.11322770341445959	0.11322770341445959	0.11322770341445959	0.11322770341445959	0.0	0.0	0.28797947760180387	Judge:>Mitsuku:	Mitsuko26-Mitsuko30-cond1
13	0.0	0.11322770341445959	0.0	0.11322770341445959	0.0	0.0	0.5626065546771355	Mitsuku:>Judge:	Mitsuko26-Mitsuko30-cond1
14	0.0	0.0	0.0	0.0	0.0	0.0	0.5125017990935794	Judge:>Mitsuku:	Mitsuko26-Mitsuko30-cond1
15	0.4982728791224398	0.4982728791224398	0.08304547985373997	0.16609095970747995	0.0	0.0	0.563407801764211	Mitsuku:>Judge:	Mitsuko26-Mitsuko30-cond1
16	0.0	0.0	0.19999999999999996	0.19999999999999996	0.0	0.0	0.315123718732347	Judge:>Mitsuku:	Mitsuko26-Mitsuko30-cond1
0	0.0	0.0	0.0	0.0	0.0	0.0	0.027317870580944703	Judge:>Mitsuku:	Mitsuko26-Mitsuko4-cond1
1	0.0	0.0	0.0	0.0	0.0	0.0	0.03271020586176898	Mitsuku:>Judge:	Mitsuko26-Mitsuko4-cond1
2	0.0	0.0	0.0	0.0	0.0	0.0	0.36035323142707376	Judge:>Mitsuku:	Mitsuko26-Mitsuko4-cond1
0	0.0	0.0	0.0	0.0	0.0	0.0	0.3506875357044392	Judge:>Mitsuku:	Mitsuko28-Mitsuko20-cond1
0	0.0	0.0	0.0	0.0	0.0	0.0	0.36707483517888573	Judge:>Mitsuku:	Mitsuko2-Mitsuko26-cond1
1	0.0	0.0	0.0	0.0	0.0	0.0	0.24857385890999062	Mitsuku:>Judge:	Mitsuko2-Mitsuko26-cond1
2	0.0	0.13801311186847084	0.0	0.1421338109037403	0.0	0.0	0.24766444427290601	Judge:>Mitsuku:	Mitsuko2-Mitsuko26-cond1
3	0.0	0.0	0.0	0.0	0.0	0.0	0.3872649983653449	Mitsuku:>Judge:	Mitsuko2-Mitsuko26-cond1
4	0.0	0.0	0.0	0.0	0.0	0.0	0.5037947970077156	Judge:>Mitsuku:	Mitsuko2-Mitsuko26-cond1
5	0.0	0.07905694150420949	0.0	0.17677669529663687	0.0	0.0	0.7089447728239912	Mitsuku:>Judge:	Mitsuko2-Mitsuko26-cond1
6	0.0	0.0	0.0	0.0	0.0	0.0	0.23423039331349815	Judge:>Mitsuku:	Mitsuko2-Mitsuko26-cond1
0	0.3333333333333333	0.45226701686664544	0.3333333333333333	0.5547001962252291	0.0	0.0	0.5943703218742318	Judge:>Mitsuku:	Mitsuko30-Mitsuko26-cond1
1	0.0	0.11396057645963795	0.0	0.0	0.0	0.0	0.426182460823302	Mitsuku:>Judge:	Mitsuko30-Mitsuko26-cond1
2	0.0657951694959769	0.12777531299998798	0.13576884666042613	0.19738550848793068	0.0	0.0	0.4847398158890124	Judge:>Mitsuku:	Mitsuko30-Mitsuko26-cond1
3	0.17407765595569785	0.253546276418555	0.1796053020267749	0.26111648393354675	0.0	0.0	0.5388197226348513	Mitsuku:>Judge:	Mitsuko30-Mitsuko26-cond1
4	0.0	0.15811388300841897	0.0	0.17677669529663687	0.0	0.0	0.6017237685755117	Judge:>Mitsuku:	Mitsuko30-Mitsuko26-cond1
5	0.35355339059327373	0.35355339059327373	0.23717082451262844	0.23717082451262844	0.0	0.0	0.5688011757499998	Mitsuku:>Judge:	Mitsuko30-Mitsuko26-cond1
6	0.2581988897471611	0.31622776601683794	0.2581988897471611	0.2581988897471611	0.0	0.0	0.4111284589807762	Judge:>Mitsuku:	Mitsuko30-Mitsuko26-cond1
7	0.0	0.0	0.0	0.0	0.0	0.0	0.37377978129521616	Mitsuku:>Judge:	Mitsuko30-Mitsuko26-cond1
8	0.33333333333333337	0.33333333333333337	0.33333333333333337	0.33333333333333337	0.0	0.0	0.5115855608476466	Judge:>Mitsuku:	Mitsuko30-Mitsuko26-cond1
9	0.0	0.0	0.0	0.0	0.0	0.0	0.2630570453602966	Mitsuku:>Judge:	Mitsuko30-Mitsuko26-cond1
10	0.0944911182523068	0.0944911182523068	0.0	0.0	0.0	0.0	0.36360963801435964	Judge:>Mitsuku:	Mitsuko30-Mitsuko26-cond1
11	0.0629940788348712	0.0629940788348712	0.1259881576697424	0.314970394174356	0.0	0.0	0.658439738390665	Mitsuku:>Judge:	Mitsuko30-Mitsuko26-cond1
12	0.13608276348795434	0.13608276348795434	0.0	0.13608276348795434	0.0	0.0	0.6627834657458851	Judge:>Mitsuku:	Mitsuko30-Mitsuko26-cond1
13	0.0	0.0	0.0	0.0	0.0	0.0	0.5074532124841031	Mitsuku:>Judge:	Mitsuko30-Mitsuko26-cond1
14	0.0	0.0	0.0	0.0	0.0	0.0	0.2408009786299603	Judge:>Mitsuku:	Mitsuko30-Mitsuko26-cond1
15	0.0	0.0	0.0	0.0	0.0	0.0	0.2038037959880068	Mitsuku:>Judge:	Mitsuko30-Mitsuko26-cond1
16	0.0	0.17677669529663687	0.0	0.17677669529663687	0.0	0.0	0.3510173565439123	Judge:>Mitsuku:	Mitsuko30-Mitsuko26-cond1
0	0.0	0.0	0.0	0.0	0.0	0.0	0.5235287099616849	Judge:>Mitsuku:	Mitsuko30-Mitsuko46-cond1
1	0.0	0.0	0.0	0.0	0.0	0.0	0.4450964318937767	Mitsuku:>Judge:	Mitsuko30-Mitsuko46-cond1
2	0.0	0.0	0.0	0.0	0.0	0.0	0.181175142209555	Judge:>Mitsuku:	Mitsuko30-Mitsuko46-cond1
3	0.25	0.25	0.25	0.25	0.0	0.0	0.13456940174627274	Mitsuku:>Judge:	Mitsuko30-Mitsuko46-cond1
4	0.10206207261596577	0.6123724356957946	0.10206207261596577	0.29417420270727607	0.0	0.0	0.5349966699786932	Judge:>Mitsuku:	Mitsuko30-Mitsuko46-cond1
5	0.09128709291752768	0.27386127875258304	0.09128709291752768	0.2631174057921088	0.0	0.0	0.5557792759175639	Mitsuku:>Judge:	Mitsuko30-Mitsuko46-cond1
6	0.11952286093343936	0.11952286093343936	0.23904572186687872	0.23904572186687872	0.0	0.0	0.6379709659893537	Judge:>Mitsuku:	Mitsuko30-Mitsuko46-cond1
7	0.2182178902359924	0.2182178902359924	0.0	0.0	0.0	0.0	0.5829413048596662	Mitsuku:>Judge:	Mitsuko30-Mitsuko46-cond1
8	0.21081851067789195	0.11322770341445959	0.11322770341445959	0.11785113019775793	0.0	0.0	0.6230136221896703	Judge:>Mitsuku:	Mitsuko30-Mitsuko46-cond1
9	0.0	0.0	0.0	0.0	0.0	0.0	0.3588930943262897	Mitsuku:>Judge:	Mitsuko30-Mitsuko46-cond1
10	0.0	0.0	0.0	0.0	0.0	0.0	0.45112802295586907	Judge:>Mitsuku:	Mitsuko30-Mitsuko46-cond1
11	0.2581988897471611	0.3442651863295481	0.242535625036333	0.242535625036333	0.0	0.0	0.5806072158163664	Mitsuku:>Judge:	Mitsuko30-Mitsuko46-cond1
12	0.0	0.0	0.0	0.10540925533894598	0.0	0.0	0.4532927504014712	Judge:>Mitsuku:	Mitsuko30-Mitsuko46-cond1
13	0.0	0.0	0.0	0.0	0.0	0.0	0.3982866980139792	Mitsuku:>Judge:	Mitsuko30-Mitsuko46-cond1
14	0.0	0.0	0.1889822365046136	0.1889822365046136	0.0	0.0	0.4813951560218328	Judge:>Mitsuku:	Mitsuko30-Mitsuko46-cond1
15	0.0	0.1889822365046136	0.0	0.0	0.0	0.0	0.46318499835188376	Mitsuku:>Judge:	Mitsuko30-Mitsuko46-cond1
16	0.0	0.30151134457776363	0.0	0.30151134457776363	0.0	0.15075567228888181	0.4059365586961766	Judge:>Mitsuku:	Mitsuko30-Mitsuko46-cond1
17	0.0	0.0	0.0	0.0	0.0	0.0	0.4885988124244871	Mitsuku:>Judge:	Mitsuko30-Mitsuko46-cond1
18	0.0	0.0	0.20851441405707477	0.20851441405707477	0.0	0.0	0.5665000403598041	Judge:>Mitsuku:	Mitsuko30-Mitsuko46-cond1
19	0.0	0.0	0.0	0.14744195615489714	0.0	0.0	0.07497719148315851	Mitsuku:>Judge:	Mitsuko30-Mitsuko46-cond1
20	0.0	0.0	0.0	0.0	0.0	0.0	0.09806276361518274	Judge:>Mitsuku:	Mitsuko30-Mitsuko46-cond1
21	0.0	0.0	0.0	0.0	0.0	0.0	0.28198823259538475	Mitsuku:>Judge:	Mitsuko30-Mitsuko46-cond1
22	0.18325416653445784	0.22360679774997896	0.254000254000381	0.27591270276823454	0.03500700210070024	0.03466876226407682	0.4405014030938217	Judge:>Mitsuku:	Mitsuko30-Mitsuko46-cond1
23	0.13060462968966782	0.2383656473113981	0.05986843400892498	0.20915479424640082	0.0	0.0	0.4861636481567466	Mitsuku:>Judge:	Mitsuko30-Mitsuko46-cond1
24	0.2584382953523688	0.4154818018653855	0.3121097258563482	0.4810456929208346	0.0	0.0	0.4116497422441586	Judge:>Mitsuku:	Mitsuko30-Mitsuko46-cond1
25	0.3445843938031584	0.47940207907544485	0.35112344158839176	0.44668528628363213	0.0	0.0	0.49532380856979985	Mitsuku:>Judge:	Mitsuko30-Mitsuko46-cond1
26	0.2857142857142857	0.2279211529192759	0.0	0.0	0.0	0.0	0.27217848143915624	Judge:>Mitsuku:	Mitsuko30-Mitsuko46-cond1
27	0.0	0.14285714285714285	0.0	0.16903085094570328	0.0	0.0	0.3136196353253917	Mitsuku:>Judge:	Mitsuko30-Mitsuko46-cond1
28	0.0	0.0	0.0	0.0	0.0	0.0	0.5038590962554365	Judge:>Mitsuku:	Mitsuko30-Mitsuko46-cond1
29	0.0	0.0	0.0	0.0	0.0	0.0	0.16886428574683587	Mitsuku:>Judge:	Mitsuko30-Mitsuko46-cond1
30	0.09999999999999998	0.09805806756909201	0.09999999999999998	0.09999999999999998	0.0	0.0	0.16865362007090745	Judge:>Mitsuku:	Mitsuko30-Mitsuko46-cond1
31	0.09428090415820634	0.36980013081681945	0.09428090415820634	0.4242640687119285	0.0629940788348712	0.0629940788348712	0.6499306396541296	Mitsuku:>Judge:	Mitsuko30-Mitsuko46-cond1
32	0.10050378152592121	0.30151134457776363	0.10050378152592121	0.30151134457776363	0.0	0.0	0.4423023491243532	Judge:>Mitsuku:	Mitsuko30-Mitsuko46-cond1
0	0.0	0.19611613513818402	0.0	0.0	0.0	0.0	0.21011561329057282	Judge:>Mitsuku:	Mitsuko32-Mitsuko37-cond1
1	0.0	0.0	0.0	0.0	0.0	0.0	0.38816848255288516	Mitsuku:>Judge:	Mitsuko32-Mitsuko37-cond1
2	0.0	0.10540925533894598	0.0	0.09901475429766744	0.0	0.0	0.47163651252328287	Judge:>Mitsuku:	Mitsuko32-Mitsuko37-cond1
0	0.20412414523193154	0.0	0.20412414523193154	0.0	0.0	0.0	0.4151246694416736	Judge:>Mitsuku:	Mitsuko33-Mitsuko24-cond1
1	0.0	0.17677669529663687	0.0	0.17677669529663687	0.0	0.0	0.5969253073004849	Mitsuku:>Judge:	Mitsuko33-Mitsuko24-cond1
2	0.39223227027636803	0.39223227027636803	0.39223227027636803	0.39223227027636803	0.0	0.0	0.36191528774239856	Judge:>Mitsuku:	Mitsuko33-Mitsuko24-cond1
3	0.0	0.0	0.0	0.0	0.0	0.0	0.18132722653234312	Mitsuku:>Judge:	Mitsuko33-Mitsuko24-cond1
4	0.6030226891555273	0.5547001962252291	0.6030226891555273	0.5547001962252291	0.0	0.0	0.4848268040089666	Judge:>Mitsuku:	Mitsuko33-Mitsuko24-cond1
5	0.17407765595569785	0.16012815380508716	0.17407765595569785	0.16012815380508716	0.0	0.0	0.485449606768111	Mitsuku:>Judge:	Mitsuko33-Mitsuko24-cond1
6	0.0	0.0	0.0	0.0	0.0	0.0	0.3010208350122159	Judge:>Mitsuku:	Mitsuko33-Mitsuko24-cond1
7	0.0	0.22360679774997896	0.0	0.18257418583505536	0.0	0.0	0.5912850539575948	Mitsuku:>Judge:	Mitsuko33-Mitsuko24-cond1
8	0.0	0.0	0.0	0.0	0.0	0.0	0.3604998983807164	Judge:>Mitsuku:	Mitsuko33-Mitsuko24-cond1
9	0.13608276348795434	0.13608276348795434	0.3086066999241838	0.3086066999241838	0.0	0.0	0.27823004134672724	Mitsuku:>Judge:	Mitsuko33-Mitsuko24-cond1
10	0.1543033499620919	0.1543033499620919	0.1543033499620919	0.1543033499620919	0.0	0.0	0.33089231850963063	Judge:>Mitsuku:	Mitsuko33-Mitsuko24-cond1
11	0.0	0.16903085094570328	0.0	0.16903085094570328	0.0	0.0	0.49336697353485603	Mitsuku:>Judge:	Mitsuko33-Mitsuko24-cond1
12	0.26967994498529685	0.26967994498529685	0.0	0.0	0.0	0.0	0.3840552149999501	Judge:>Mitsuku:	Mitsuko33-Mitsuko24-cond1
13	0.13483997249264842	0.40451991747794525	0.13483997249264842	0.40451991747794525	0.0	0.0	0.43623268863014597	Mitsuku:>Judge:	Mitsuko33-Mitsuko24-cond1
14	0.16903085094570328	0.16903085094570328	0.16903085094570328	0.16903085094570328	0.0	0.0	0.5102491976477328	Judge:>Mitsuku:	Mitsuko33-Mitsuko24-cond1
15	0.0	0.1889822365046136	0.0	0.1889822365046136	0.0	0.0	0.28990459141784086	Mitsuku:>Judge:	Mitsuko33-Mitsuko24-cond1
16	0.0	0.15811388300841897	0.0	0.15811388300841897	0.0	0.0	0.2506596126439452	Judge:>Mitsuku:	Mitsuko33-Mitsuko24-cond1
17	0.0	0.31622776601683794	0.0	0.0	0.0	0.0	0.19580114306334273	Mitsuku:>Judge:	Mitsuko33-Mitsuko24-cond1
18	0.0	0.20412414523193154	0.4082482904638631	0.31622776601683794	0.0	0.0	0.10109523949247068	Judge:>Mitsuku:	Mitsuko33-Mitsuko24-cond1
19	0.18257418583505536	0.0	0.18257418583505536	0.28284271247461895	0.0	0.0	0.28801639733375284	Mitsuku:>Judge:	Mitsuko33-Mitsuko24-cond1
20	0.4338609156373123	0.4338609156373123	0.32539568672798425	0.32539568672798425	0.13483997249264842	0.13483997249264842	0.3471238708354528	Judge:>Mitsuku:	Mitsuko33-Mitsuko24-cond1
21	0.20180183819889375	0.3131121455425747	0.20180183819889375	0.3131121455425747	0.0	0.0	0.5379607932403814	Mitsuku:>Judge:	Mitsuko33-Mitsuko24-cond1
22	0.07412493166611013	0.20701966780270628	0.07412493166611013	0.20701966780270628	0.0	0.0	0.6222887643963491	Judge:>Mitsuku:	Mitsuko33-Mitsuko24-cond1
23	0.11952286093343936	0.11952286093343936	0.11952286093343936	0.11952286093343936	0.0	0.0	0.4154282990674365	Mitsuku:>Judge:	Mitsuko33-Mitsuko24-cond1
24	0.0	0.2581988897471611	0.0	0.2581988897471611	0.0	0.0	0.34827218565465823	Judge:>Mitsuku:	Mitsuko33-Mitsuko24-cond1
25	0.0	0.0	0.0	0.0	0.0	0.0	0.2280134088653003	Mitsuku:>Judge:	Mitsuko33-Mitsuko24-cond1
26	0.0	0.0	0.0	0.0	0.0	0.0	0.2770451209870497	Judge:>Mitsuku:	Mitsuko33-Mitsuko24-cond1
27	0.0	0.1072112534837795	0.0	0.0	0.0	0.0	0.39075807376436855	Mitsuku:>Judge:	Mitsuko33-Mitsuko24-cond1
28	0.0	0.14433756729740646	0.0	0.0	0.0	0.0	0.43810197705249654	Judge:>Mitsuku:	Mitsuko33-Mitsuko24-cond1
29	0.11180339887498948	0.11180339887498948	0.11180339887498948	0.1025978352085154	0.0	0.0	0.6627374473602973	Mitsuku:>Judge:	Mitsuko33-Mitsuko24-cond1
30	0.0	0.18257418583505536	0.0	0.18257418583505536	0.0	0.0	0.39739325927253155	Judge:>Mitsuku:	Mitsuko33-Mitsuko24-cond1
31	0.3086066999241838	0.3086066999241838	0.3086066999241838	0.1543033499620919	0.3086066999241838	0.3086066999241838	0.4613246660651248	Mitsuku:>Judge:	Mitsuko33-Mitsuko24-cond1
32	0.0	0.0	0.0	0.11952286093343936	0.0	0.0	0.42323116723839393	Judge:>Mitsuku:	Mitsuko33-Mitsuko24-cond1
33	0.20412414523193148	0.0	0.20412414523193148	0.18257418583505536	0.0	0.0	0.2411556606007752	Mitsuku:>Judge:	Mitsuko33-Mitsuko24-cond1
34	0.0	0.0	0.0	0.0	0.0	0.0	0.24465731625400633	Judge:>Mitsuku:	Mitsuko33-Mitsuko24-cond1
0	0.0	0.0	0.0	0.0	0.0	0.0	0.07979069529857707	Judge:>Mitsuku:	Mitsuko36-Mitsuko37-cond1
1	0.0	0.10482848367219183	0.0	0.10101525445522107	0.0	0.16064386578049977		Mitsuku:>Judge:	Mitsuko36-Mitsuko37-cond1
2	0.07142857142857142	0.0	0.07412493166611012	0.0	0.0	0.0		Judge:>Mitsuku:	Mitsuko36-Mitsuko37-cond1
3	0.0944911182523068	0.09128709291752768	0.0	0.17149858514250882	0.0	0.0	0.5586651236928045	Mitsuku:>Judge:	Mitsuko36-Mitsuko37-cond1
4	0.1889822365046136	0.1889822365046136	0.0	0.0	0.0	0.0	0.41163003000750353	Judge:>Mitsuku:	Mitsuko36-Mitsuko37-cond1
5	0.0	0.0	0.0	0.0	0.0	0.0	0.2690787201910563	Mitsuku:>Judge:	Mitsuko36-Mitsuko37-cond1
6	0.0	0.0	0.0	0.0	0.0	0.0	0.3964676838237128	Judge:>Mitsuku:	Mitsuko36-Mitsuko37-cond1
7	0.0	0.2886751345948129	0.2886751345948129	0.5773502691896258	0.0	0.0	0.6245144004681391	Mitsuku:>Judge:	Mitsuko36-Mitsuko37-cond1
8	0.0	0.24999999999999994	0.24999999999999994	0.4999999999999999	0.0	0.0	0.6038744882990698	Judge:>Mitsuku:	Mitsuko36-Mitsuko37-cond1
9	0.15811388300841897	0.31622776601683794	0.15811388300841897	0.31622776601683794	0.0	0.0	0.33014393093576877	Mitsuku:>Judge:	Mitsuko36-Mitsuko37-cond1
10	0.0	0.0	0.3651483716701107	0.0	0.0	0.0	0.21263031637690344	Judge:>Mitsuku:	Mitsuko36-Mitsuko37-cond1
11	0.0	0.0	0.0	0.0	0.0	0.0	0.5003681882580274	Mitsuku:>Judge:	Mitsuko36-Mitsuko37-cond1
12	0.0	0.17677669529663687	0.0	0.17677669529663687	0.0	0.0	0.5571188662145548	Judge:>Mitsuku:	Mitsuko36-Mitsuko37-cond1
13	0.0	0.0	0.0	0.0	0.0	0.0	0.23658573516536496	Mitsuku:>Judge:	Mitsuko36-Mitsuko37-cond1
14	0.0	0.0	0.0	0.0	0.0	0.0	0.0326532238086068	Judge:>Mitsuku:	Mitsuko36-Mitsuko37-cond1
15	0.0	0.0	0.0	0.0	0.0	0.0	0.33010086850157205	Mitsuku:>Judge:	Mitsuko36-Mitsuko37-cond1
16	0.0	0.0	0.0	0.0	0.0	0.0	0.40594783676820967	Judge:>Mitsuku:	Mitsuko36-Mitsuko37-cond1
17	0.0	0.20412414523193148	0.0	0.20412414523193148	0.0	0.0	0.4006182852978276	Mitsuku:>Judge:	Mitsuko36-Mitsuko37-cond1
18	0.0	0.19245008972987526	0.0	0.0	0.0	0.0	0.2252900668092358	Judge:>Mitsuku:	Mitsuko36-Mitsuko37-cond1
19	0.14285714285714285	0.3779644730092272	0.0	0.3779644730092272	0.0	0.0	0.43806182220025625	Mitsuku:>Judge:	Mitsuko36-Mitsuko37-cond1
20	0.0	0.26726124191242434	0.0	0.26726124191242434	0.0	0.0	0.5560849407678273	Judge:>Mitsuku:	Mitsuko36-Mitsuko37-cond1
21	0.0	0.24999999999999994	0.0	0.0	0.0	0.0	0.4784478128705074	Mitsuku:>Judge:	Mitsuko36-Mitsuko37-cond1
22	0.0	0.0	0.0	0.0	0.0	0.0	0.23266061542450656	Judge:>Mitsuku:	Mitsuko36-Mitsuko37-cond1
23	0.0	0.0	0.0	0.0	0.0	0.0	0.135225014360017	Mitsuku:>Judge:	Mitsuko36-Mitsuko37-cond1
24	0.0	0.0	0.0	0.0	0.0	0.0	0.025741269120984067	Judge:>Mitsuku:	Mitsuko36-Mitsuko37-cond1
25	0.0	0.0	0.0	0.0	0.0	0.0	0.11209686773622607	Mitsuku:>Judge:	Mitsuko36-Mitsuko37-cond1
26	0.2357022603955158	0.2357022603955158	0.2357022603955158	0.2357022603955158	0.0	0.0	0.3336439051612583	Judge:>Mitsuku:	Mitsuko36-Mitsuko37-cond1
27	0.0	0.14907119849998599	0.0	0.14907119849998599	0.0	0.0	0.133247308341211	Mitsuku:>Judge:	Mitsuko36-Mitsuko37-cond1
28	0.0	0.09999999999999998	0.0	0.09999999999999998	0.0	0.0	0.15587862644904193	Judge:>Mitsuku:	Mitsuko36-Mitsuko37-cond1
29	0.0	0.0	0.0	0.0	0.0	0.0	0.36643173692889575	Mitsuku:>Judge:	Mitsuko36-Mitsuko37-cond1
30	0.21320071635561041	0.0	0.0	0.22360679774997896	0.0	0.0	0.43691099493012087	Judge:>Mitsuku:	Mitsuko36-Mitsuko37-cond1
31	0.10050378152592121	0.10050378152592121	0.10540925533894598	0.10540925533894598	0.0	0.0	0.4975390857114179	Mitsuku:>Judge:	Mitsuko36-Mitsuko37-cond1
32	0.0	0.0	0.10540925533894598	0.10540925533894598	0.0	0.0	0.655197417432215	Judge:>Mitsuku:	Mitsuko36-Mitsuko37-cond1
33	0.0	0.0	0.0	0.0	0.0	0.0	0.45364601303652696	Mitsuku:>Judge:	Mitsuko36-Mitsuko37-cond1
34	0.0	0.0	0.0	0.0	0.0	0.0	0.45364601303652696	Judge:>Mitsuku:	Mitsuko36-Mitsuko37-cond1
35	0.08451542547285165	0.253546276418555	0.0	0.17541160386140586	0.0	0.0	0.5884069036763494	Mitsuku:>Judge:	Mitsuko36-Mitsuko37-cond1
36	0.0	0.0	0.0	0.0	0.0	0.0	0.2993965449519309	Judge:>Mitsuku:	Mitsuko36-Mitsuko37-cond1
0	0.0	0.0	0.0	0.0	0.0	0.0	0.18871661490887948	Judge:>Mitsuku:	Mitsuko37-Mitsuko17-cond1
1	0.0	0.0	0.0	0.0	0.0	0.0	0.34910475015104514	Mitsuku:>Judge:	Mitsuko37-Mitsuko17-cond1
2	0.0	0.13483997249264842	0.0	0.13483997249264842	0.0	0.0	0.38290434314186683	Judge:>Mitsuku:	Mitsuko37-Mitsuko17-cond1
3	0.0	0.13483997249264842	0.0	0.13483997249264842	0.0	0.0	0.35261727592726455	Mitsuku:>Judge:	Mitsuko37-Mitsuko17-cond1
4	0.0	0.0	0.0	0.0	0.0	0.0	0.26634720481746754	Judge:>Mitsuku:	Mitsuko37-Mitsuko17-cond1
5	0.0	0.0	0.0	0.0	0.0	0.0	0.5195352406802709	Mitsuku:>Judge:	Mitsuko37-Mitsuko17-cond1
6	0.0	0.0	0.0	0.0	0.0	0.0	0.35311048924347044	Judge:>Mitsuku:	Mitsuko37-Mitsuko17-cond1
7	0.0	0.0	0.0	0.0	0.0	0.0	0.2979137514197081	Mitsuku:>Judge:	Mitsuko37-Mitsuko17-cond1
8	0.0	0.0	0.0	0.0	0.0	0.0	0.2932311835207785	Judge:>Mitsuku:	Mitsuko37-Mitsuko17-cond1
9	0.09999999999999998	0.0	0.0	0.0	0.0	0.0	0.2168711209482883	Mitsuku:>Judge:	Mitsuko37-Mitsuko17-cond1
10	0.11952286093343936	0.1091089451179962	0.11952286093343936	0.0	0.0	0.0	0.26027678755853145	Judge:>Mitsuku:	Mitsuko37-Mitsuko17-cond1
11	0.0	0.0	0.0	0.0	0.0	0.0	0.3491616527854642	Mitsuku:>Judge:	Mitsuko37-Mitsuko17-cond1
12	0.16903085094570328	0.0	0.16903085094570328	0.16903085094570328	0.0	0.0	0.31941067618973396	Judge:>Mitsuku:	Mitsuko37-Mitsuko17-cond1
13	0.0	0.0	0.0	0.2182178902359924	0.0	0.0	0.2077972436070723	Mitsuku:>Judge:	Mitsuko37-Mitsuko17-cond1
14	0.0	0.1072112534837795	0.0	0.0	0.0	0.0	0.42039011358426204	Judge:>Mitsuku:	Mitsuko37-Mitsuko17-cond1
15	0.08304547985373997	0.08304547985373997	0.08304547985373997	0.08304547985373997	0.0	0.0	0.3801957673578428	Mitsuku:>Judge:	Mitsuko37-Mitsuko17-cond1
16	0.0	0.14907119849998599	0.0	0.14907119849998599	0.0	0.0	0.37000841731827827	Judge:>Mitsuku:	Mitsuko37-Mitsuko17-cond1
17	0.0	0.0	0.0	0.0	0.0	0.0	0.34345145442197567	Mitsuku:>Judge:	Mitsuko37-Mitsuko17-cond1
18	0.0	0.0	0.0	0.1889822365046136	0.0	0.0	0.2077972436070723	Judge:>Mitsuku:	Mitsuko37-Mitsuko17-cond1
19	0.16903085094570328	0.0	0.16903085094570328	0.16903085094570328	0.0	0.0	0.31941067618973396	Mitsuku:>Judge:	Mitsuko37-Mitsuko17-cond1
20	0.0	0.0	0.0	0.0	0.0	0.0	0.32247845744330417	Judge:>Mitsuku:	Mitsuko37-Mitsuko17-cond1
21	0.0	0.0	0.0	0.0	0.0	0.0	0.17155657764680832	Mitsuku:>Judge:	Mitsuko37-Mitsuko17-cond1
22	0.0	0.09999999999999998	0.0	0.1025978352085154	0.0	0.0	0.21975716140221302	Judge:>Mitsuku:	Mitsuko37-Mitsuko17-cond1
0	0.0	0.0	0.0	0.0	0.0	0.0	0.1129772364370134	Judge:>Mitsuku:	Mitsuko37-Mitsuko32-cond1
1	0.0	0.0	0.0	0.0	0.0	0.0	0.3343469919090212	Mitsuku:>Judge:	Mitsuko37-Mitsuko32-cond1
2	0.0	0.19999999999999996	0.0	0.19999999999999996	0.0	0.19999999999999996		Judge:>Mitsuku:	Mitsuko37-Mitsuko32-cond1
0	0.0	0.0	0.0	0.0	0.0	0.0	0.13845539282716546	Judge:>Mitsuku:	Mitsuko37-Mitsuko36-cond1
1	0.0	0.0	0.0	0.0	0.0	0.0	0.3138628457698449	Mitsuku:>Judge:	Mitsuko37-Mitsuko36-cond1
2	0.0	0.0	0.0	0.0	0.0	0.0	0.2673888714080037	Judge:>Mitsuku:	Mitsuko37-Mitsuko36-cond1
3	0.0	0.0	0.0	0.0	0.0	0.0	0.17795480004142128	Mitsuku:>Judge:	Mitsuko37-Mitsuko36-cond1
4	0.0	0.0	0.0	0.0	0.0	0.0	0.22028346568308765	Judge:>Mitsuku:	Mitsuko37-Mitsuko36-cond1
5	0.0	0.20412414523193148	0.0	0.22360679774997896	0.0	0.0	0.48136864367655297	Mitsuku:>Judge:	Mitsuko37-Mitsuko36-cond1
6	0.0	0.22360679774997896	0.0	0.22360679774997896	0.0	0.0	0.5013758797449812	Judge:>Mitsuku:	Mitsuko37-Mitsuko36-cond1
7	0.0	0.0	0.0	0.14142135623730948	0.0	0.0	0.4345575173574756	Mitsuku:>Judge:	Mitsuko37-Mitsuko36-cond1
8	0.0	0.0	0.0	0.0	0.0	0.0	0.3016027971933507	Judge:>Mitsuku:	Mitsuko37-Mitsuko36-cond1
9	0.0	0.0	0.0	0.0	0.0	0.0	0.2203610445058486	Mitsuku:>Judge:	Mitsuko37-Mitsuko36-cond1
10	0.09534625892455924	0.0	0.0	0.0	0.0	0.0	0.3182112036965081	Judge:>Mitsuku:	Mitsuko37-Mitsuko36-cond1
11	0.13483997249264842	0.13483997249264842	0.13483997249264842	0.24806946917841693	0.0	0.0	0.4024905555266298	Mitsuku:>Judge:	Mitsuko37-Mitsuko36-cond1
12	0.23904572186687872	0.23904572186687872	0.2581988897471611	0.2581988897471611	0.0	0.0	0.380295788325411	Judge:>Mitsuku:	Mitsuko37-Mitsuko36-cond1
13	0.0	0.15430334996209194	0.0	0.0	0.0	0.0	0.4321244936250528	Mitsuku:>Judge:	Mitsuko37-Mitsuko36-cond1
14	0.0	0.0	0.0	0.0	0.0	0.0	0.10598939981629862	Judge:>Mitsuku:	Mitsuko37-Mitsuko36-cond1
15	0.0	0.0	0.0	0.0	0.0	0.0	0.23663725619567255	Mitsuku:>Judge:	Mitsuko37-Mitsuko36-cond1
16	0.10540925533894598	0.09999999999999998	0.10540925533894598	0.09999999999999998	0.0	0.0	0.37918853647747874	Judge:>Mitsuku:	Mitsuko37-Mitsuko36-cond1
17	0.0	0.22360679774997896	0.0	0.0	0.0	0.0	0.3181445158647156	Mitsuku:>Judge:	Mitsuko37-Mitsuko36-cond1
18	0.0	0.0	0.0	0.0	0.0	0.0	0.4326034213283354	Judge:>Mitsuku:	Mitsuko37-Mitsuko36-cond1
19	0.15811388300841897	0.31622776601683794	0.15811388300841897	0.31622776601683794	0.0	0.0	0.39418476493107013	Mitsuku:>Judge:	Mitsuko37-Mitsuko36-cond1
20	0.0	0.07352146220938077	0.0	0.07559289460184544	0.0	0.0	0.381378583141748	Judge:>Mitsuku:	Mitsuko37-Mitsuko36-cond1
21	0.14704292441876154	0.14704292441876154	0.14322297480788657	0.07559289460184544	0.08032193289024989	0.08032193289024989	0.31190833097647974	Mitsuku:>Judge:	Mitsuko37-Mitsuko36-cond1
22	0.0	0.0	0.0	0.0	0.0	0.0	0.20006899513601228	Judge:>Mitsuku:	Mitsuko37-Mitsuko36-cond1
23	0.0	0.0	0.0	0.0	0.0	0.0	0.25682881687471115	Mitsuku:>Judge:	Mitsuko37-Mitsuko36-cond1
24	0.0	0.33333333333333337	0.0	0.33333333333333337	0.0	0.33333333333333337		Judge:>Mitsuku:	Mitsuko37-Mitsuko36-cond1
25	0.0	0.33333333333333337	0.0	0.33333333333333337	0.0	0.33333333333333337		Mitsuku:>Judge:	Mitsuko37-Mitsuko36-cond1
26	0.2182178902359924	0.2182178902359924	0.2182178902359924	0.2182178902359924	0.0	0.0	0.3258673714687199	Judge:>Mitsuku:	Mitsuko37-Mitsuko36-cond1
27	0.2182178902359924	0.2182178902359924	0.2182178902359924	0.2182178902359924	0.0	0.0	0.3258673714687199	Mitsuku:>Judge:	Mitsuko37-Mitsuko36-cond1
28	0.17407765595569785	0.17407765595569785	0.17407765595569785	0.17407765595569785	0.0	0.0	0.3036759279781813	Judge:>Mitsuku:	Mitsuko37-Mitsuko36-cond1
29	0.17407765595569785	0.17407765595569785	0.17407765595569785	0.17407765595569785	0.0	0.0	0.3036759279781813	Mitsuku:>Judge:	Mitsuko37-Mitsuko36-cond1
30	0.0	0.0	0.0	0.0	0.0	0.0	0.33092974639178985	Judge:>Mitsuku:	Mitsuko37-Mitsuko36-cond1
31	0.0	0.17407765595569785	0.0	0.17407765595569785	0.0	0.0	0.18453940702745208	Mitsuku:>Judge:	Mitsuko37-Mitsuko36-cond1
32	0.0	0.0	0.0	0.0	0.0	0.0	0.18708196647994624	Judge:>Mitsuku:	Mitsuko37-Mitsuko36-cond1
33	0.0	0.0	0.0	0.0	0.0	0.0	0.2563060476497909	Mitsuku:>Judge:	Mitsuko37-Mitsuko36-cond1
34	0.0	0.0	0.0	0.0	0.0	0.0	0.24513235115204113	Judge:>Mitsuku:	Mitsuko37-Mitsuko36-cond1
35	0.0	0.0	0.0	0.0	0.0	0.0	0.15248831728910317	Mitsuku:>Judge:	Mitsuko37-Mitsuko36-cond1
36	0.0	0.0	0.0	0.09128709291752767	0.0	0.0	0.2258563434320774	Judge:>Mitsuku:	Mitsuko37-Mitsuko36-cond1
0	0.0	0.0	0.0	0.0	0.0	0.0	0.34266643666241126	Judge:>Mitsuku:	Mitsuko3-Mitsuko12-cond1
1	0.0	0.0	0.0	0.0	0.0	0.0	0.25413264911706634	Mitsuku:>Judge:	Mitsuko3-Mitsuko12-cond1
2	0.0	0.0	0.0	0.0	0.0	0.0	0.37299009857918997	Judge:>Mitsuku:	Mitsuko3-Mitsuko12-cond1
3	0.0	0.0	0.0	0.0	0.0	0.0	0.19003595505006754	Mitsuku:>Judge:	Mitsuko3-Mitsuko12-cond1
4	0.0	0.12598815766974242	0.0	0.0	0.0	0.0	0.23468106407610412	Judge:>Mitsuku:	Mitsuko3-Mitsuko12-cond1
5	0.0	0.1091089451179962	0.0	0.3127716210856122	0.0	0.0	0.4542339530600188	Mitsuku:>Judge:	Mitsuko3-Mitsuko12-cond1
6	0.0	0.16666666666666666	0.16666666666666666	0.15075567228888181	0.0	0.0	0.46262013858212325	Judge:>Mitsuku:	Mitsuko3-Mitsuko12-cond1
0	0.0	0.0	0.0	0.0	0.0	0.0	0.19706788024703947	Judge:>Mitsuku:	Mitsuko3-Mitsuko17-cond1
1	0.0	0.0	0.0	0.0	0.0	0.0	0.17866268507575223	Mitsuku:>Judge:	Mitsuko3-Mitsuko17-cond1
2	0.0	0.0	0.0	0.15075567228888181	0.0	0.0	0.4983025031151719	Judge:>Mitsuku:	Mitsuko3-Mitsuko17-cond1
3	0.3481553119113957	0.5222329678670935	0.3481553119113957	0.5222329678670935	0.0	0.0	0.23988432456251574	Mitsuku:>Judge:	Mitsuko3-Mitsuko17-cond1
4	0.3086066999241839	0.3086066999241839	0.16666666666666669	0.16666666666666669	0.0	0.0	0.20324334847660497	Judge:>Mitsuku:	Mitsuko3-Mitsuko17-cond1
5	0.0	0.0	0.0	0.0	0.0	0.0	0.4792264598571032	Mitsuku:>Judge:	Mitsuko3-Mitsuko17-cond1
6	0.0	0.0	0.0	0.0	0.0	0.0	0.3537246686894667	Judge:>Mitsuku:	Mitsuko3-Mitsuko17-cond1
0	0.0	0.0	0.0	0.0	0.0	0.0	0.37791448444314146	Judge:>Mitsuku:	Mitsuko41-Mitsuko22-cond1
1	0.0	0.0	0.0	0.0	0.0	0.0	0.24623744175068063	Mitsuku:>Judge:	Mitsuko41-Mitsuko22-cond1
2	0.0	0.0	0.0	0.0	0.0	0.0	0.29018233141663763	Judge:>Mitsuku:	Mitsuko41-Mitsuko22-cond1
0	0.0	0.0	0.0	0.0	0.0	0.0	0.36539677561896355	Judge:>Mitsuku:	Mitsuko44-Mitsuko5-cond1
1	0.0	0.0	0.0	0.0	0.0	0.0	0.08556199773326267	Mitsuku:>Judge:	Mitsuko44-Mitsuko5-cond1
2	0.0	0.0	0.0	0.0	0.0	0.0	0.1927350953118725	Judge:>Mitsuku:	Mitsuko44-Mitsuko5-cond1
3	0.0	0.0	0.0	0.0	0.0	0.0	0.3103356779738595	Mitsuku:>Judge:	Mitsuko44-Mitsuko5-cond1
4	0.0	0.1386750490563073	0.0	0.1386750490563073	0.0	0.0	0.2709613290937908	Judge:>Mitsuku:	Mitsuko44-Mitsuko5-cond1
5	0.09245003270420486	0.08362420100070908	0.09245003270420486	0.08362420100070908	0.0	0.0	0.4478359082546478	Mitsuku:>Judge:	Mitsuko44-Mitsuko5-cond1
6	0.1421338109037403	0.1421338109037403	0.1421338109037403	0.42640143271122094	0.0	0.0	0.5171514191163309	Judge:>Mitsuku:	Mitsuko44-Mitsuko5-cond1
7	0.1421338109037403	0.42640143271122094	0.1421338109037403	0.42640143271122094	0.0	0.0	0.5293490197380959	Mitsuku:>Judge:	Mitsuko44-Mitsuko5-cond1
8	0.0	0.0	0.0	0.055048188256318034	0.0	0.0	0.6189251218721227	Judge:>Mitsuku:	Mitsuko44-Mitsuko5-cond1
9	0.0	0.0	0.0	0.0	0.0	0.0	0.43373707321110366	Mitsuku:>Judge:	Mitsuko44-Mitsuko5-cond1
10	0.0	0.0	0.0	0.0	0.0	0.0	0.4197576852742988	Judge:>Mitsuku:	Mitsuko44-Mitsuko5-cond1
11	0.11180339887498948	0.33541019662496846	0.11180339887498948	0.33541019662496846	0.0	0.0	0.35749008447635955	Mitsuku:>Judge:	Mitsuko44-Mitsuko5-cond1
12	0.28005601680560194	0.40451991747794525	0.36084391824351614	0.49497474683058323	0.0	0.0	0.5139291475174101	Judge:>Mitsuku:	Mitsuko44-Mitsuko5-cond1
0	0.0	0.0	0.0	0.0	0.0	0.0	0.3732307963739815	Judge:>Mitsuku:	Mitsuko44-Mitsuko7-cond1
1	0.0	0.0	0.0	0.0	0.0	0.0	0.06633154854918089	Mitsuku:>Judge:	Mitsuko44-Mitsuko7-cond1
2	0.0	0.0	0.0	0.15811388300841897	0.0	0.0	0.16445451530606936	Judge:>Mitsuku:	Mitsuko44-Mitsuko7-cond1
3	0.0	0.0	0.0	0.0	0.0	0.0	0.20031335975390763	Mitsuku:>Judge:	Mitsuko44-Mitsuko7-cond1
4	0.0	0.20412414523193154	0.0	0.20412414523193154	0.0	0.0	0.23146763671313708	Judge:>Mitsuku:	Mitsuko44-Mitsuko7-cond1
5	0.0	0.0	0.0	0.0	0.0	0.0	0.2861643297455244	Mitsuku:>Judge:	Mitsuko44-Mitsuko7-cond1
6	0.0	0.0	0.0	0.0	0.0	0.0	0.3881530890052973	Judge:>Mitsuku:	Mitsuko44-Mitsuko7-cond1
7	0.0	0.2461829819586655	0.0	0.0	0.0	0.0	0.5151961500312088	Mitsuku:>Judge:	Mitsuko44-Mitsuko7-cond1
8	0.0	0.0	0.0	0.0	0.0	0.0	0.3809139737918783	Judge:>Mitsuku:	Mitsuko44-Mitsuko7-cond1
9	0.0	0.0	0.0	0.0	0.0	0.0	0.5223882711352869	Mitsuku:>Judge:	Mitsuko44-Mitsuko7-cond1
10	0.0	0.1690308509457033	0.0	0.30499714066520933	0.0	0.0	0.5656649164393799	Judge:>Mitsuku:	Mitsuko44-Mitsuko7-cond1
0	0.3651483716701107	0.0	0.0	0.20412414523193148	0.20412414523193148	0.20412414523193148	0.27331246228026185	Judge:>Mitsuku:	Mitsuko45-Mitsuko19-cond1
1	0.0	0.0	0.0	0.0	0.0	0.0		Mitsuku:>Judge:	Mitsuko45-Mitsuko19-cond1
2	0.0	0.0	0.0	0.0	0.0	0.0		Judge:>Mitsuku:	Mitsuko45-Mitsuko19-cond1
3	0.0	0.0	0.0	0.0	0.0	0.0	0.5661640255827441	Mitsuku:>Judge:	Mitsuko45-Mitsuko19-cond1
4	0.0	0.0	0.0	0.0	0.0	0.0	0.5295343734366259	Judge:>Mitsuku:	Mitsuko45-Mitsuko19-cond1
5	0.16012815380508716	0.16012815380508716	0.16012815380508716	0.16012815380508716	0.0	0.0	0.42498462204925413	Mitsuku:>Judge:	Mitsuko45-Mitsuko19-cond1
6	0.0	0.0	0.0	0.0	0.0	0.0	0.2933702250060688	Judge:>Mitsuku:	Mitsuko45-Mitsuko19-cond1
7	0.0	0.20412414523193154	0.0	0.35355339059327373	0.0	0.0	0.1529298756568861	Mitsuku:>Judge:	Mitsuko45-Mitsuko19-cond1
8	0.0	0.07453559924999299	0.0	0.07293249574894728	0.0	0.0	0.16713599076969432	Judge:>Mitsuku:	Mitsuko45-Mitsuko19-cond1
9	0.14285714285714285	0.14907119849998599	0.0	0.0	0.0	0.0	0.20699991429546194	Mitsuku:>Judge:	Mitsuko45-Mitsuko19-cond1
10	0.0	0.0	0.0	0.0	0.0	0.0	0.266781875385803	Judge:>Mitsuku:	Mitsuko45-Mitsuko19-cond1
11	0.0	0.0	0.0	0.0	0.0	0.0	0.47935233412179357	Mitsuku:>Judge:	Mitsuko45-Mitsuko19-cond1
12	0.0	0.0	0.0	0.0	0.0	0.0	0.43675569633572064	Judge:>Mitsuku:	Mitsuko45-Mitsuko19-cond1
13	0.1507556722888818	0.0	0.0	0.0	0.0	0.0	0.6563107319015864	Mitsuku:>Judge:	Mitsuko45-Mitsuko19-cond1
14	0.0	0.0	0.0	0.0	0.0	0.0	0.3404674182310594	Judge:>Mitsuku:	Mitsuko45-Mitsuko19-cond1
15	0.0	0.0	0.0	0.0	0.0	0.0	0.1033878093062206	Mitsuku:>Judge:	Mitsuko45-Mitsuko19-cond1
16	0.3721042037676254	0.49613893835683387	0.2581988897471611	0.3872983346207417	0.0	0.0	0.10645753167431427	Judge:>Mitsuku:	Mitsuko45-Mitsuko19-cond1
17	0.0	0.0	0.0	0.0	0.0	0.0	0.42425189941672814	Mitsuku:>Judge:	Mitsuko45-Mitsuko19-cond1
18	0.0	0.14433756729740646	0.0	0.2886751345948129	0.0	0.0	0.488534651536487	Judge:>Mitsuku:	Mitsuko45-Mitsuko19-cond1
19	0.21320071635561041	0.21320071635561041	0.21320071635561041	0.21320071635561041	0.0	0.0	0.6141113345712281	Mitsuku:>Judge:	Mitsuko45-Mitsuko19-cond1
20	0.0778498944161523	0.0	0.0	0.0	0.0	0.0	0.7288975449106708	Judge:>Mitsuku:	Mitsuko45-Mitsuko19-cond1
21	0.0	0.0	0.0	0.0	0.0	0.0	0.628106426718552	Mitsuku:>Judge:	Mitsuko45-Mitsuko19-cond1
22	0.0	0.0	0.0	0.0	0.0	0.0	0.47297586714200013	Judge:>Mitsuku:	Mitsuko45-Mitsuko19-cond1
23	0.10101525445522107	0.20203050891044214	0.10101525445522107	0.20203050891044214	0.0	0.0	0.6566514183381499	Mitsuku:>Judge:	Mitsuko45-Mitsuko19-cond1
24	0.0	0.08451542547285164	0.0	0.0	0.0	0.0	0.5642017269901825	Judge:>Mitsuku:	Mitsuko45-Mitsuko19-cond1
25	0.0	0.0	0.0	0.0	0.0	0.0	0.5464379295299003	Mitsuku:>Judge:	Mitsuko45-Mitsuko19-cond1
26	0.0	0.0	0.0	0.0	0.0	0.0	0.35852290782959906	Judge:>Mitsuku:	Mitsuko45-Mitsuko19-cond1
27	0.0	0.0	0.0	0.0	0.0	0.0	0.11559674350813509	Mitsuku:>Judge:	Mitsuko45-Mitsuko19-cond1
28	0.0	0.0	0.0	0.140028008402801	0.0	0.0	0.4912343925081587	Judge:>Mitsuku:	Mitsuko45-Mitsuko19-cond1
29	0.0	0.0	0.0	0.140028008402801	0.0	0.0	0.5368157683843968	Mitsuku:>Judge:	Mitsuko45-Mitsuko19-cond1
30	0.0	0.0	0.0	0.0	0.0	0.0	0.49929738455103045	Judge:>Mitsuku:	Mitsuko45-Mitsuko19-cond1
31	0.0	0.0	0.0	0.0	0.0	0.0	0.5349229610530628	Mitsuku:>Judge:	Mitsuko45-Mitsuko19-cond1
32	0.0	0.0	0.0	0.0	0.0	0.0	0.3052828758928614	Judge:>Mitsuku:	Mitsuko45-Mitsuko19-cond1
33	0.14907119849998599	0.13483997249264842	0.14907119849998599	0.13483997249264842	0.0	0.0	0.2902008624379737	Mitsuku:>Judge:	Mitsuko45-Mitsuko19-cond1
34	0.3077935056255462	0.27975144247209416	0.3077935056255462	0.27975144247209416	0.0	0.0	0.6145866648543628	Judge:>Mitsuku:	Mitsuko45-Mitsuko19-cond1
35	0.0	0.0	0.0	0.0	0.0	0.0		Mitsuku:>Judge:	Mitsuko45-Mitsuko19-cond1
36	0.0	0.0	0.0	0.0	0.0	0.0		Judge:>Mitsuku:	Mitsuko45-Mitsuko19-cond1
37	0.4472135954999579	0.0	0.0	0.6708203932499369	0.0	0.0	0.552257733400664	Mitsuku:>Judge:	Mitsuko45-Mitsuko19-cond1
38	0.1091089451179962	0.11470786693528087	0.0	0.11470786693528087	0.12126781251816648	0.12126781251816648	0.6086840428267493	Judge:>Mitsuku:	Mitsuko45-Mitsuko19-cond1
39	0.17817416127494962	0.0936585811581694	0.0936585811581694	0.1873171623163388	0.0	0.0	0.42771508478846587	Mitsuku:>Judge:	Mitsuko45-Mitsuko19-cond1
40	0.20412414523193154	0.2886751345948129	0.20412414523193154	0.2886751345948129	0.0	0.0	0.5028411794626472	Judge:>Mitsuku:	Mitsuko45-Mitsuko19-cond1
0	0.0	0.0	0.0	0.0	0.0	0.0	0.04938718563341182	Judge:>Mitsuku:	Mitsuko45-Mitsuko6-cond1
1	0.0	0.0	0.0	0.0	0.0	0.0		Mitsuku:>Judge:	Mitsuko45-Mitsuko6-cond1
2	0.0	0.0	0.0	0.0	0.0	0.0		Judge:>Mitsuku:	Mitsuko45-Mitsuko6-cond1
3	0.0	0.0	0.0	0.0	0.0	0.0	0.5223502943810293	Mitsuku:>Judge:	Mitsuko45-Mitsuko6-cond1
4	0.0	0.0	0.0	0.0	0.0	0.0	0.434900486102074	Judge:>Mitsuku:	Mitsuko45-Mitsuko6-cond1
5	0.0	0.0	0.0	0.0	0.0	0.0	0.3470245478247296	Mitsuku:>Judge:	Mitsuko45-Mitsuko6-cond1
6	0.0	0.6666666666666667	0.0	0.0	0.0	0.0	0.1850777605885191	Judge:>Mitsuku:	Mitsuko45-Mitsuko6-cond1
7	0.0	0.0	0.0	0.0	0.0	0.0	0.04296232863207161	Mitsuku:>Judge:	Mitsuko45-Mitsuko6-cond1
8	0.0	0.12909944487358055	0.12126781251816648	0.36380343755449945	0.0	0.0	0.16664951349740176	Judge:>Mitsuku:	Mitsuko45-Mitsuko6-cond1
9	0.0	0.0	0.0	0.0	0.0	0.0	0.28625219183294137	Mitsuku:>Judge:	Mitsuko45-Mitsuko6-cond1
10	0.0	0.0	0.0	0.0	0.0	0.0	0.3328238844180116	Judge:>Mitsuku:	Mitsuko45-Mitsuko6-cond1
11	0.0	0.1889822365046136	0.0	0.20412414523193148	0.0	0.0	0.30881793787549294	Mitsuku:>Judge:	Mitsuko45-Mitsuko6-cond1
12	0.0	0.0	0.0	0.0	0.0	0.0	0.18661703580415878	Judge:>Mitsuku:	Mitsuko45-Mitsuko6-cond1
13	0.0	0.0	0.0	0.0	0.0	0.0	0.3835187600740815	Mitsuku:>Judge:	Mitsuko45-Mitsuko6-cond1
14	0.0	0.0	0.0	0.0	0.0	0.0	0.43720009887992006	Judge:>Mitsuku:	Mitsuko45-Mitsuko6-cond1
15	0.33806170189140655	0.33806170189140655	0.33806170189140655	0.5070925528371099	0.0	0.0	0.12572605830421435	Mitsuku:>Judge:	Mitsuko45-Mitsuko6-cond1
16	0.0	0.14907119849998599	0.0	0.0	0.0	0.0	0.15280995414130372	Judge:>Mitsuku:	Mitsuko45-Mitsuko6-cond1
17	0.15075567228888181	0.18144368465060579	0.17149858514250885	0.14535047493345277	0.0	0.0	0.7068155543800235	Mitsuku:>Judge:	Mitsuko45-Mitsuko6-cond1
18	0.0	0.0	0.0	0.0	0.0	0.0	0.697944058146192	Judge:>Mitsuku:	Mitsuko45-Mitsuko6-cond1
19	0.26111648393354675	0.26111648393354675	0.08703882797784893	0.08703882797784893	0.0	0.0	0.7164299117313766	Mitsuku:>Judge:	Mitsuko45-Mitsuko6-cond1
20	0.0	0.0	0.0	0.0	0.0	0.0	0.4107913130484364	Judge:>Mitsuku:	Mitsuko45-Mitsuko6-cond1
21	0.0	0.0	0.0	0.0	0.0	0.0	0.18072344644253113	Mitsuku:>Judge:	Mitsuko45-Mitsuko6-cond1
22	0.0	0.0	0.0	0.0	0.0	0.0	0.4350618329417628	Judge:>Mitsuku:	Mitsuko45-Mitsuko6-cond1
23	0.0890870806374748	0.0890870806374748	0.0	0.0	0.0	0.0	0.6182802046164554	Mitsuku:>Judge:	Mitsuko45-Mitsuko6-cond1
24	0.0	0.0	0.0	0.0	0.0	0.0	0.34537771417095586	Judge:>Mitsuku:	Mitsuko45-Mitsuko6-cond1
25	0.0	0.0	0.0	0.0	0.0	0.0	0.4036332700482421	Mitsuku:>Judge:	Mitsuko45-Mitsuko6-cond1
26	0.0	0.0	0.0	0.0	0.0	0.0	0.5226056430238002	Judge:>Mitsuku:	Mitsuko45-Mitsuko6-cond1
27	0.0	0.3651483716701107	0.0	0.3651483716701107	0.0	0.0	0.42949505207727623	Mitsuku:>Judge:	Mitsuko45-Mitsuko6-cond1
28	0.0	0.0	0.0	0.0	0.0	0.0	0.49110771880696136	Judge:>Mitsuku:	Mitsuko45-Mitsuko6-cond1
29	0.0	0.0	0.0	0.0	0.0	0.0	0.6623346266762719	Mitsuku:>Judge:	Mitsuko45-Mitsuko6-cond1
30	0.0	0.0	0.0	0.0	0.0	0.0	0.6327734619682494	Judge:>Mitsuku:	Mitsuko45-Mitsuko6-cond1
31	0.0	0.0	0.0	0.0	0.0	0.0	0.6785791497094045	Mitsuku:>Judge:	Mitsuko45-Mitsuko6-cond1
32	0.0	0.0	0.0	0.0	0.0	0.0	0.6723854372694198	Judge:>Mitsuku:	Mitsuko45-Mitsuko6-cond1
33	0.18257418583505536	0.18257418583505536	0.18257418583505536	0.18257418583505536	0.0	0.0	0.546950192720712	Mitsuku:>Judge:	Mitsuko45-Mitsuko6-cond1
34	0.0	0.0	0.0	0.0	0.0	0.0	0.5413360094529585	Judge:>Mitsuku:	Mitsuko45-Mitsuko6-cond1
0	0.0	0.0	0.0	0.0	0.0	0.0	0.04938718563341182	Judge:>Mitsuku:	Mitsuko45-Mitsuko8-cond1
1	0.0	0.0	0.0	0.0	0.0	0.0		Mitsuku:>Judge:	Mitsuko45-Mitsuko8-cond1
2	0.0	0.0	0.0	0.0	0.0	0.0		Judge:>Mitsuku:	Mitsuko45-Mitsuko8-cond1
3	0.0	0.0	0.0	0.0	0.0	0.0	0.27309675053785587	Mitsuku:>Judge:	Mitsuko45-Mitsuko8-cond1
4	0.5	0.5	0.5	0.5	0.0	0.0	0.5917965922055685	Judge:>Mitsuku:	Mitsuko45-Mitsuko8-cond1
5	0.0	0.0	0.0	0.0	0.0	0.0	0.31312167480657926	Mitsuku:>Judge:	Mitsuko45-Mitsuko8-cond1
6	0.0	0.0	0.0	0.0	0.0	0.0	0.2534027228207769	Judge:>Mitsuku:	Mitsuko45-Mitsuko8-cond1
7	0.0	0.0	0.0	0.17677669529663687	0.0	0.0	0.13106901967655005	Mitsuku:>Judge:	Mitsuko45-Mitsuko8-cond1
8	0.0	0.14433756729740646	0.0	0.14433756729740646	0.0	0.0	0.15661226847252074	Judge:>Mitsuku:	Mitsuko45-Mitsuko8-cond1
9	0.0	0.0	0.0	0.0	0.0	0.0	0.34207165306771303	Mitsuku:>Judge:	Mitsuko45-Mitsuko8-cond1
10	0.30151134457776363	0.30151134457776363	0.0	0.0	0.0	0.0	0.17660127019778926	Judge:>Mitsuku:	Mitsuko45-Mitsuko8-cond1
11	0.0	0.0	0.0	0.0	0.0	0.0	0.31872649607199066	Mitsuku:>Judge:	Mitsuko45-Mitsuko8-cond1
12	0.0	0.0	0.0	0.26726124191242434	0.0	0.0	0.22509454998075118	Judge:>Mitsuku:	Mitsuko45-Mitsuko8-cond1
13	0.0	0.0	0.0	0.0	0.0	0.0	0.3740067539475882	Mitsuku:>Judge:	Mitsuko45-Mitsuko8-cond1
14	0.0	0.2357022603955158	0.0	0.0	0.0	0.0	0.515584354390058	Judge:>Mitsuku:	Mitsuko45-Mitsuko8-cond1
15	0.0	0.0	0.0	0.0	0.0	0.0	0.07926699773235324	Mitsuku:>Judge:	Mitsuko45-Mitsuko8-cond1
16	0.3999999999999999	0.3999999999999999	0.3999999999999999	0.3999999999999999	0.19999999999999996	0.19999999999999996	0.1554180690808994	Judge:>Mitsuku:	Mitsuko45-Mitsuko8-cond1
0	0.0	0.30151134457776363	0.0	0.0	0.0	0.0		Judge:>Mitsuku:	Mitsuko46-Mitsuko30-cond1
1	0.0	0.0	0.0	0.0	0.0	0.0	0.19970607722376466	Mitsuku:>Judge:	Mitsuko46-Mitsuko30-cond1
2	0.0	0.5000000000000001	0.3651483716701107	0.5000000000000001	0.0	0.0	0.22398771175609622	Judge:>Mitsuku:	Mitsuko46-Mitsuko30-cond1
3	0.15811388300841897	0.43301270189221935	0.15811388300841897	0.43301270189221935	0.0	0.0	0.5592218213637169	Mitsuku:>Judge:	Mitsuko46-Mitsuko30-cond1
4	0.0	0.0	0.0	0.11785113019775793	0.0	0.0	0.337685350331689	Judge:>Mitsuku:	Mitsuko46-Mitsuko30-cond1
5	0.10540925533894598	0.10540925533894598	0.0	0.0	0.0	0.0	0.43811421616835045	Mitsuku:>Judge:	Mitsuko46-Mitsuko30-cond1
6	0.0	0.16903085094570328	0.0	0.0	0.0	0.0	0.25537366509228776	Judge:>Mitsuku:	Mitsuko46-Mitsuko30-cond1
7	0.0	0.0	0.0	0.0	0.0	0.0	0.2742811685413886	Mitsuku:>Judge:	Mitsuko46-Mitsuko30-cond1
8	0.0649569802461631	0.0	0.06415002990995843	0.05923488777590924	0.0	0.0	0.16015521986859182	Judge:>Mitsuku:	Mitsuko46-Mitsuko30-cond1
9	0.2976702788937936	0.39621442587516364	0.2939723678960656	0.3490050304482666	0.0	0.0	0.3407653990919641	Mitsuku:>Judge:	Mitsuko46-Mitsuko30-cond1
10	0.2760262237369417	0.3241018617760822	0.20701966780270625	0.2760262237369417	0.0	0.0	0.42551509631735573	Judge:>Mitsuku:	Mitsuko46-Mitsuko30-cond1
11	0.0	0.0	0.0	0.0	0.0	0.0	0.5191639520211866	Mitsuku:>Judge:	Mitsuko46-Mitsuko30-cond1
12	0.0	0.0	0.0	0.0	0.0	0.0	0.4994821877867679	Judge:>Mitsuku:	Mitsuko46-Mitsuko30-cond1
13	0.08006407690254358	0.16012815380508716	0.08006407690254358	0.16012815380508716	0.0	0.0	0.6026408452758476	Mitsuku:>Judge:	Mitsuko46-Mitsuko30-cond1
14	0.07580980435789035	0.0	0.0	0.0	0.0	0.0	0.5418226604740658	Judge:>Mitsuku:	Mitsuko46-Mitsuko30-cond1
15	0.0	0.0	0.07580980435789035	0.0	0.0936585811581694	0.0936585811581694	0.4042186261437737	Mitsuku:>Judge:	Mitsuko46-Mitsuko30-cond1
16	0.0	0.0	0.0	0.18257418583505536	0.0	0.18257418583505536	0.15340109853514794	Judge:>Mitsuku:	Mitsuko46-Mitsuko30-cond1
17	0.0	0.22360679774997896	0.0	0.0	0.0	0.0	0.3081085013700873	Mitsuku:>Judge:	Mitsuko46-Mitsuko30-cond1
18	0.0	0.0	0.0	0.0	0.0	0.0	0.28158627481117326	Judge:>Mitsuku:	Mitsuko46-Mitsuko30-cond1
19	0.0	0.0	0.0	0.0	0.0	0.0	0.61403554242329	Mitsuku:>Judge:	Mitsuko46-Mitsuko30-cond1
20	0.0	0.0	0.0	0.0	0.0	0.0	0.39242729594802284	Judge:>Mitsuku:	Mitsuko46-Mitsuko30-cond1
21	0.0	0.0	0.0	0.0	0.0	0.0	0.21655986134520444	Mitsuku:>Judge:	Mitsuko46-Mitsuko30-cond1
22	0.3015113445777636	0.4999999999999999	0.0	0.0	0.0	0.0	0.2218028317666093	Judge:>Mitsuku:	Mitsuko46-Mitsuko30-cond1
23	0.31980107453341566	0.08838834764831843	0.09805806756909202	0.17677669529663687	0.0	0.0	0.043558414084121866	Mitsuku:>Judge:	Mitsuko46-Mitsuko30-cond1
24	0.0	0.0	0.0	0.0	0.0	0.0	0.21926465614359225	Judge:>Mitsuku:	Mitsuko46-Mitsuko30-cond1
25	0.0	0.0	0.0	0.0	0.0	0.0	0.15852634835759505	Mitsuku:>Judge:	Mitsuko46-Mitsuko30-cond1
26	0.0	0.0	0.0	0.0	0.0	0.0	0.19950349387075927	Judge:>Mitsuku:	Mitsuko46-Mitsuko30-cond1
27	0.0	0.0	0.0	0.0	0.0	0.0	0.5090424772286387	Mitsuku:>Judge:	Mitsuko46-Mitsuko30-cond1
28	0.2886751345948129	0.2886751345948129	0.2886751345948129	0.2886751345948129	0.0	0.0	0.5199952748444295	Judge:>Mitsuku:	Mitsuko46-Mitsuko30-cond1
29	0.20412414523193154	0.20412414523193154	0.20412414523193154	0.20412414523193154	0.0	0.0	0.5291122930268599	Mitsuku:>Judge:	Mitsuko46-Mitsuko30-cond1
30	0.0	0.0	0.16666666666666669	0.16666666666666669	0.0	0.0	0.4721187725142084	Judge:>Mitsuku:	Mitsuko46-Mitsuko30-cond1
0	0.0	0.0	0.0	0.0	0.0	0.0	0.503555798133379	Judge:>Mitsuku:	Mitsuko4-Mitsuko26-cond1
1	0.0	0.30151134457776363	0.16666666666666666	0.2773500981126146	0.0	0.0	0.3451320837500339	Mitsuku:>Judge:	Mitsuko4-Mitsuko26-cond1
2	0.26111648393354675	0.253546276418555	0.1796053020267749	0.17407765595569785	0.0	0.0	0.45009430686636	Judge:>Mitsuku:	Mitsuko4-Mitsuko26-cond1
0	0.31622776601683794	0.0	0.0	0.31622776601683794	0.0	0.0	0.2451194423564208	Judge:>Mitsuku:	Mitsuko5-Mitsuko44-cond1
1	0.18257418583505536	0.18257418583505536	0.0	0.0	0.0	0.0	0.41723972272440957	Mitsuku:>Judge:	Mitsuko5-Mitsuko44-cond1
2	0.0	0.0	0.0	0.0	0.0	0.0	0.42793485376244145	Judge:>Mitsuku:	Mitsuko5-Mitsuko44-cond1
3	0.1336306209562122	0.1336306209562122	0.1336306209562122	0.1336306209562122	0.0	0.0	0.3411155172212408	Mitsuku:>Judge:	Mitsuko5-Mitsuko44-cond1
4	0.0	0.0	0.0	0.0	0.0	0.0	0.28595448831125003	Judge:>Mitsuku:	Mitsuko5-Mitsuko44-cond1
5	0.0	0.1543033499620919	0.0	0.0	0.0	0.0	0.24646794828406637	Mitsuku:>Judge:	Mitsuko5-Mitsuko44-cond1
6	0.0	0.1091089451179962	0.0	0.11785113019775793	0.0	0.0	0.46592319683023964	Judge:>Mitsuku:	Mitsuko5-Mitsuko44-cond1
7	0.0	0.0	0.0	0.0	0.0	0.0	0.18515435666858726	Mitsuku:>Judge:	Mitsuko5-Mitsuko44-cond1
8	0.0	0.0	0.0	0.0	0.0	0.0	0.10413006676445935	Judge:>Mitsuku:	Mitsuko5-Mitsuko44-cond1
9	0.0	0.0	0.0	0.0	0.0	0.0	0.564411007692982	Mitsuku:>Judge:	Mitsuko5-Mitsuko44-cond1
10	0.10540925533894598	0.10540925533894598	0.10540925533894598	0.10540925533894598	0.0	0.0	0.6073583405226635	Judge:>Mitsuku:	Mitsuko5-Mitsuko44-cond1
0	0.0	0.0	0.0	0.0	0.0	0.0	0.31785616639676595	Judge:>Mitsuku:	Mitsuko6-Mitsuko23-cond1
1	0.0	0.0	0.0	0.0	0.0	0.0	0.20883142460454085	Mitsuku:>Judge:	Mitsuko6-Mitsuko23-cond1
2	0.39223227027636803	0.39223227027636803	0.19611613513818402	0.19611613513818402	0.0	0.0	0.3913110683349804	Judge:>Mitsuku:	Mitsuko6-Mitsuko23-cond1
3	0.0	0.0	0.0	0.0	0.0	0.0	0.3361153515404294	Mitsuku:>Judge:	Mitsuko6-Mitsuko23-cond1
4	0.1072112534837795	0.10050378152592121	0.0	0.0	0.0	0.0	0.4215173889742263	Judge:>Mitsuku:	Mitsuko6-Mitsuko23-cond1
5	0.0	0.0	0.0	0.0	0.0	0.0	0.44757114121397745	Mitsuku:>Judge:	Mitsuko6-Mitsuko23-cond1
6	0.10206207261596577	0.10206207261596577	0.10660035817780521	0.09805806756909202	0.0	0.0	0.5163418947121888	Judge:>Mitsuku:	Mitsuko6-Mitsuko23-cond1
7	0.08333333333333334	0.08333333333333334	0.08703882797784893	0.24019223070763074	0.0	0.0	0.674375355401028	Mitsuku:>Judge:	Mitsuko6-Mitsuko23-cond1
8	0.23570226039551587	0.23570226039551587	0.47140452079103173	0.47140452079103173	0.23570226039551587	0.23570226039551587	0.5482347211934407	Judge:>Mitsuku:	Mitsuko6-Mitsuko23-cond1
9	0.0	0.0	0.0	0.0	0.0	0.0	0.2828638257007615	Mitsuku:>Judge:	Mitsuko6-Mitsuko23-cond1
10	0.0	0.0	0.0	0.0	0.0	0.0	0.2828638257007615	Judge:>Mitsuku:	Mitsuko6-Mitsuko23-cond1
11	0.0	0.0	0.0	0.0	0.0	0.0	0.2746105933069709	Mitsuku:>Judge:	Mitsuko6-Mitsuko23-cond1
12	0.0	0.0	0.0	0.0	0.0	0.0	0.3468813020478625	Judge:>Mitsuku:	Mitsuko6-Mitsuko23-cond1
13	0.0	0.0	0.0	0.0	0.0	0.0	0.10909054149310116	Mitsuku:>Judge:	Mitsuko6-Mitsuko23-cond1
14	0.0	0.31622776601683794	0.0	0.0	0.0	0.0	0.1348531049330759	Judge:>Mitsuku:	Mitsuko6-Mitsuko23-cond1
15	0.0	0.31622776601683794	0.0	0.0	0.0	0.0	0.15550707308063927	Mitsuku:>Judge:	Mitsuko6-Mitsuko23-cond1
16	0.0	0.0	0.0	0.0	0.0	0.0	0.32075031325361125	Judge:>Mitsuku:	Mitsuko6-Mitsuko23-cond1
17	0.0	0.0	0.0	0.0	0.0	0.0	0.10581972509987414	Mitsuku:>Judge:	Mitsuko6-Mitsuko23-cond1
18	0.0	0.0	0.0	0.0	0.0	0.0	0.2688747884908218	Judge:>Mitsuku:	Mitsuko6-Mitsuko23-cond1
19	0.0	0.0	0.0	0.0	0.0	0.0	0.05533781241124458	Mitsuku:>Judge:	Mitsuko6-Mitsuko23-cond1
20	0.0	0.0	0.0	0.0	0.0	0.0	0.14938725698300748	Judge:>Mitsuku:	Mitsuko6-Mitsuko23-cond1
21	0.0	0.0	0.0	0.0	0.0	0.0	0.4583250596455404	Mitsuku:>Judge:	Mitsuko6-Mitsuko23-cond1
22	0.0	0.0	0.0	0.0	0.0	0.0	0.4432856563702221	Judge:>Mitsuku:	Mitsuko6-Mitsuko23-cond1
23	0.12964074471043288	0.19446111706564934	0.12964074471043288	0.12964074471043288	0.0	0.0	0.7406171304472415	Mitsuku:>Judge:	Mitsuko6-Mitsuko23-cond1
24	0.27169424432452977	0.27500954910846337	0.29250896965085227	0.17149858514250885	0.0	0.0	0.704750328803884	Judge:>Mitsuku:	Mitsuko6-Mitsuko23-cond1
25	0.3233808333817773	0.14547859349066158	0.08703882797784893	0.08164965809277261	0.0	0.0	0.3181606235594626	Mitsuku:>Judge:	Mitsuko6-Mitsuko23-cond1
26	0.0	0.0	0.0	0.0	0.0	0.0	0.33742431959487407	Judge:>Mitsuku:	Mitsuko6-Mitsuko23-cond1
27	0.5000000000000001	0.5000000000000001	0.0	0.0	0.0	0.0	0.42250214335194625	Mitsuku:>Judge:	Mitsuko6-Mitsuko23-cond1
28	0.18257418583505536	0.26111648393354675	0.10206207261596577	0.1924500897298753	0.0	0.0	0.6095586002155549	Judge:>Mitsuku:	Mitsuko6-Mitsuko23-cond1
29	0.26352313834736496	0.30151134457776363	0.23570226039551587	0.27777777777777785	0.0	0.0	0.4957352572068707	Mitsuku:>Judge:	Mitsuko6-Mitsuko23-cond1
30	0.24343224778007383	0.3042903097250923	0.1143323900950059	0.17149858514250885	0.0	0.0	0.4564594348618376	Judge:>Mitsuku:	Mitsuko6-Mitsuko23-cond1
31	0.2581988897471611	0.2581988897471611	0.0	0.0	0.0	0.0		Mitsuku:>Judge:	Mitsuko6-Mitsuko23-cond1
32	0.0	0.0	0.0	0.0	0.0	0.0		Judge:>Mitsuku:	Mitsuko6-Mitsuko23-cond1
0	0.0	0.0	0.0	0.0	0.0	0.0	0.3970751773518928	Judge:>Mitsuku:	Mitsuko6-Mitsuko45-cond1
1	0.26726124191242434	0.26726124191242434	0.0	0.0	0.0	0.0	0.2835044587450496	Mitsuku:>Judge:	Mitsuko6-Mitsuko45-cond1
2	0.0	0.0	0.0	0.0	0.0	0.0	0.311527582775071	Judge:>Mitsuku:	Mitsuko6-Mitsuko45-cond1
3	0.0	0.0	0.0	0.0	0.0	0.0	0.3701831668427418	Mitsuku:>Judge:	Mitsuko6-Mitsuko45-cond1
4	0.0	0.0	0.0	0.0	0.0	0.0	0.5021461869747722	Judge:>Mitsuku:	Mitsuko6-Mitsuko45-cond1
5	0.0	0.0	0.0	0.0	0.0	0.0	0.36811885358348606	Mitsuku:>Judge:	Mitsuko6-Mitsuko45-cond1
6	0.0	0.0	0.0	0.0	0.0	0.0	0.3772109259331602	Judge:>Mitsuku:	Mitsuko6-Mitsuko45-cond1
7	0.0	0.14433756729740646	0.0	0.14433756729740646	0.0	0.0	0.42593504714613584	Mitsuku:>Judge:	Mitsuko6-Mitsuko45-cond1
8	0.0	0.0	0.0	0.0	0.0	0.0	0.1855801313488057	Judge:>Mitsuku:	Mitsuko6-Mitsuko45-cond1
9	0.5773502691896258	0.5773502691896258	0.0	0.0	0.0	0.0	0.3799779170772184	Mitsuku:>Judge:	Mitsuko6-Mitsuko45-cond1
10	0.33333333333333337	0.33333333333333337	0.33333333333333337	0.33333333333333337	0.0	0.0	0.6750275429562592	Judge:>Mitsuku:	Mitsuko6-Mitsuko45-cond1
11	0.0	0.0	0.0	0.0	0.0	0.0	0.4358685061666172	Mitsuku:>Judge:	Mitsuko6-Mitsuko45-cond1
12	0.0	0.0	0.0	0.0	0.0	0.0	0.363172320772873	Judge:>Mitsuku:	Mitsuko6-Mitsuko45-cond1
13	0.0	0.0	0.0	0.0	0.0	0.0	0.2649860301721061	Mitsuku:>Judge:	Mitsuko6-Mitsuko45-cond1
14	0.0	0.0	0.0	0.0	0.0	0.0	0.13872275915755383	Judge:>Mitsuku:	Mitsuko6-Mitsuko45-cond1
15	0.0	0.0	0.0	0.0	0.0	0.0	0.17954084283711946	Mitsuku:>Judge:	Mitsuko6-Mitsuko45-cond1
16	0.0	0.0	0.0	0.0	0.0	0.0	0.26412751872689066	Judge:>Mitsuku:	Mitsuko6-Mitsuko45-cond1
17	0.0	0.0	0.0	0.0	0.0	0.0	0.2969466537701526	Mitsuku:>Judge:	Mitsuko6-Mitsuko45-cond1
18	0.0	0.0	0.0	0.0	0.0	0.0	0.2096826730530057	Judge:>Mitsuku:	Mitsuko6-Mitsuko45-cond1
19	0.0	0.0	0.0	0.0	0.0	0.0	0.04048790418751391	Mitsuku:>Judge:	Mitsuko6-Mitsuko45-cond1
20	0.0	0.0	0.0	0.0	0.0	0.0	0.07733728870742407	Judge:>Mitsuku:	Mitsuko6-Mitsuko45-cond1
21	0.0	0.0	0.0	0.0	0.0	0.0	0.2227588443391577	Mitsuku:>Judge:	Mitsuko6-Mitsuko45-cond1
22	0.22941573387056174	0.22360679774997896	0.11470786693528087	0.11785113019775793	0.0	0.0	0.4220695244736816	Judge:>Mitsuku:	Mitsuko6-Mitsuko45-cond1
23	0.11128297681493142	0.10846522890932808	0.16692446522239712	0.0	0.0	0.0	0.6940396134494297	Mitsuku:>Judge:	Mitsuko6-Mitsuko45-cond1
24	0.0	0.0	0.0	0.0	0.0	0.0	0.5368970662831173	Judge:>Mitsuku:	Mitsuko6-Mitsuko45-cond1
25	0.0	0.0	0.0	0.0	0.0	0.0	0.20937607447590567	Mitsuku:>Judge:	Mitsuko6-Mitsuko45-cond1
26	0.15430334996209194	0.13608276348795434	0.15430334996209194	0.15430334996209194	0.0	0.0	0.28952051379403776	Judge:>Mitsuku:	Mitsuko6-Mitsuko45-cond1
27	0.1091089451179962	0.1924500897298753	0.1091089451179962	0.1091089451179962	0.0	0.0	0.4693080636843425	Mitsuku:>Judge:	Mitsuko6-Mitsuko45-cond1
28	0.0	0.0	0.0	0.0	0.0	0.0	0.3028498065333789	Judge:>Mitsuku:	Mitsuko6-Mitsuko45-cond1
29	0.11785113019775793	0.23570226039551587	0.11785113019775793	0.23570226039551587	0.0	0.0	0.2405817930895161	Mitsuku:>Judge:	Mitsuko6-Mitsuko45-cond1
30	0.07453559924999299	0.07453559924999299	0.07453559924999299	0.07453559924999299	0.0	0.0	0.5343309497018067	Judge:>Mitsuku:	Mitsuko6-Mitsuko45-cond1
31	0.0	0.0	0.0	0.0	0.0	0.0		Mitsuku:>Judge:	Mitsuko6-Mitsuko45-cond1
32	0.0	0.0	0.0	0.0	0.0	0.0		Judge:>Mitsuku:	Mitsuko6-Mitsuko45-cond1
0	0.0	0.0	0.19611613513818402	0.19611613513818402	0.0	0.0	0.6837268014722221	Judge:>Mitsuku:	Mitsuko7-Mitsuko11-cond1
1	0.0	0.0	0.0	0.0	0.0	0.0	0.3132446726827215	Mitsuku:>Judge:	Mitsuko7-Mitsuko11-cond1
2	0.14433756729740646	0.0	0.0	0.140028008402801	0.0	0.0	0.4619896258170322	Judge:>Mitsuku:	Mitsuko7-Mitsuko11-cond1
3	0.14433756729740646	0.14433756729740646	0.14433756729740646	0.280056016805602	0.0	0.0	0.3441580142122256	Mitsuku:>Judge:	Mitsuko7-Mitsuko11-cond1
4	0.0	0.47140452079103173	0.47140452079103173	0.7071067811865476	0.0	0.0	0.3527764159387733	Judge:>Mitsuku:	Mitsuko7-Mitsuko11-cond1
5	0.23570226039551587	0.23570226039551587	0.23570226039551587	0.47140452079103173	0.0	0.0	0.4690515740726995	Mitsuku:>Judge:	Mitsuko7-Mitsuko11-cond1
6	0.2182178902359924	0.2182178902359924	0.2182178902359924	0.2182178902359924	0.0	0.0	0.478706455425717	Judge:>Mitsuku:	Mitsuko7-Mitsuko11-cond1
7	0.0	0.2182178902359924	0.0	0.2182178902359924	0.0	0.0	0.21089580150516174	Mitsuku:>Judge:	Mitsuko7-Mitsuko11-cond1
8	0.0	0.16666666666666669	0.0	0.16666666666666669	0.0	0.0	0.09925243545264573	Judge:>Mitsuku:	Mitsuko7-Mitsuko11-cond1
9	0.0	0.0	0.0	0.0	0.0	0.0	0.28685823409877487	Mitsuku:>Judge:	Mitsuko7-Mitsuko11-cond1
10	0.0	0.0	0.0	0.0	0.0	0.0	0.31201697600494027	Judge:>Mitsuku:	Mitsuko7-Mitsuko11-cond1
0	0.0	0.0	0.0	0.0	0.0	0.0	0.31642332055800326	Judge:>Mitsuku:	Mitsuko7-Mitsuko1-cond1
1	0.0	0.0	0.0	0.0	0.0	0.0	0.4463103749013788	Mitsuku:>Judge:	Mitsuko7-Mitsuko1-cond1
2	0.0	0.0	0.0	0.0	0.0	0.0	0.15945382972145572	Judge:>Mitsuku:	Mitsuko7-Mitsuko1-cond1
3	0.0	0.0	0.0	0.0	0.0	0.0	0.16176797177186086	Mitsuku:>Judge:	Mitsuko7-Mitsuko1-cond1
4	0.0	0.20412414523193148	0.0	0.20412414523193148	0.0	0.0	0.3501281073050273	Judge:>Mitsuku:	Mitsuko7-Mitsuko1-cond1
0	0.0	0.0	0.0	0.0	0.0	0.0	0.13670046128125268	Judge:>Mitsuku:	Mitsuko7-Mitsuko44-cond1
1	0.0	0.0	0.0	0.0	0.0	0.0	0.3334957362198394	Mitsuku:>Judge:	Mitsuko7-Mitsuko44-cond1
2	0.0	0.15430334996209194	0.0	0.15430334996209194	0.0	0.0	0.3635635072996619	Judge:>Mitsuku:	Mitsuko7-Mitsuko44-cond1
3	0.0	0.15430334996209194	0.0	0.15430334996209194	0.0	0.0	0.27370720967528805	Mitsuku:>Judge:	Mitsuko7-Mitsuko44-cond1
4	0.0	0.2182178902359924	0.0	0.2182178902359924	0.0	0.0	0.23185332201609254	Judge:>Mitsuku:	Mitsuko7-Mitsuko44-cond1
5	0.2182178902359924	0.2182178902359924	0.2182178902359924	0.2182178902359924	0.0	0.0	0.4280904347349699	Mitsuku:>Judge:	Mitsuko7-Mitsuko44-cond1
6	0.0	0.0	0.0	0.0	0.0	0.0	0.7032362063936468	Judge:>Mitsuku:	Mitsuko7-Mitsuko44-cond1
7	0.0	0.0	0.0	0.0	0.0	0.0	0.2204698448690432	Mitsuku:>Judge:	Mitsuko7-Mitsuko44-cond1
8	0.0	0.0	0.0	0.0	0.0	0.0	0.20901103799575327	Judge:>Mitsuku:	Mitsuko7-Mitsuko44-cond1
9	0.0	0.0	0.0	0.0	0.0	0.0	0.3980161741487712	Mitsuku:>Judge:	Mitsuko7-Mitsuko44-cond1
10	0.0	0.0	0.0	0.0	0.0	0.0	0.4291365372491074	Judge:>Mitsuku:	Mitsuko7-Mitsuko44-cond1
0	0.0	0.30151134457776363	0.0	0.0	0.0	0.0		Judge:>Mitsuku:	Mitsuko8-Mitsuko15-cond1
0	0.0	0.0	0.0	0.0	0.0	0.0		Judge:>Mitsuku:	Mitsuko8-Mitsuko45-cond1
1	0.0	0.16903085094570328	0.0	0.0	0.0	0.0	0.21139605818480456	Mitsuku:>Judge:	Mitsuko8-Mitsuko45-cond1
2	0.18257418583505536	0.3651483716701107	0.18257418583505536	0.3651483716701107	0.0	0.0	0.2883303012057391	Judge:>Mitsuku:	Mitsuko8-Mitsuko45-cond1
3	0.4082482904638631	0.4082482904638631	0.4082482904638631	0.4082482904638631	0.0	0.0	0.32700962619217355	Mitsuku:>Judge:	Mitsuko8-Mitsuko45-cond1
4	0.0	0.0	0.0	0.0	0.0	0.0	0.47306891637656356	Judge:>Mitsuku:	Mitsuko8-Mitsuko45-cond1
5	0.0	0.0	0.0	0.0	0.0	0.0	0.2140094681533451	Mitsuku:>Judge:	Mitsuko8-Mitsuko45-cond1
6	0.0	0.0	0.0	0.0	0.0	0.0	0.1468234356024325	Judge:>Mitsuku:	Mitsuko8-Mitsuko45-cond1
7	0.0	0.0	0.0	0.0	0.0	0.0	0.44924401671226843	Mitsuku:>Judge:	Mitsuko8-Mitsuko45-cond1
8	0.0	0.0	0.0	0.0	0.0	0.0	0.12640330868432736	Judge:>Mitsuku:	Mitsuko8-Mitsuko45-cond1
9	0.0	0.0	0.0	0.0	0.0	0.0	0.16342460793693392	Mitsuku:>Judge:	Mitsuko8-Mitsuko45-cond1
10	0.0	0.0	0.0	0.0	0.0	0.0	0.4507255511536712	Judge:>Mitsuku:	Mitsuko8-Mitsuko45-cond1
11	0.5773502691896258	0.0	0.2886751345948129	0.5773502691896258	0.0	0.0	0.5906184648670323	Mitsuku:>Judge:	Mitsuko8-Mitsuko45-cond1
12	0.0	0.0	0.0	0.0	0.0	0.0	0.3300256686547083	Judge:>Mitsuku:	Mitsuko8-Mitsuko45-cond1
13	0.0	0.0	0.0	0.0	0.0	0.0	0.32291421997290515	Mitsuku:>Judge:	Mitsuko8-Mitsuko45-cond1
14	0.0	0.0	0.0	0.0	0.0	0.0	0.2829409350976515	Judge:>Mitsuku:	Mitsuko8-Mitsuko45-cond1
