syntax_penn_tok2	syntax_penn_lem2	lexical_tok2	lexical_lem2	condition_info
0.5532821509267241	0.5532821509267241	0.09206989048613755	0.09085513822552957	CCPE1-cond1.txt
0.5256698135871745	0.5256698135871745	0.019418390934515434	0.03638770230694815	CCPE10-cond1.txt
0.5544423464289383	0.5544423464289383	0.060449756959407144	0.06861342724161713	CCPE100-cond1.txt
0.6087166065330705	0.6087166065330705	0.048192910997186686	0.06741998624632421	CCPE101-cond1.txt
0.5639733193610766	0.5639733193610766	0.06942101345006232	0.07487012977269325	CCPE102-cond1.txt
0.48351830817239955	0.48351830817239955	0.08001600480160057	0.09532892796759983	CCPE103-cond1.txt
0.46861377917467556	0.46861377917467556	0.06413699724591822	0.0781613842347399	CCPE104-cond1.txt
0.46184717608405895	0.46184717608405895	0.022387280474114944	0.04013467713171152	CCPE105-cond1.txt
0.43532877071687026	0.43532877071687026	0.060977373123569545	0.07893370379638584	CCPE106-cond1.txt
0.629114925754246	0.629114925754246	0.1310445490145043	0.14551529723864304	CCPE107-cond1.txt
0.41030162146534493	0.41030162146534493	0.14377153544123789	0.14140692769508584	CCPE108-cond1.txt
0.6091278923983524	0.6091278923983524	0.11005138199985091	0.09970717360268645	CCPE109-cond1.txt
0.5770535072737513	0.5770535072737513	0.022281055867572588	0.0205864189255193	CCPE11-cond1.txt
0.5796347749575665	0.5796347749575665	0.038731770098996254	0.03343789737128021	CCPE110-cond1.txt
0.6203993871702985	0.6203993871702985	0.11588409756054513	0.1436727986045084	CCPE111-cond1.txt
0.4827374221411864	0.4827374221411864	0.04212440435526076	0.060137203564637295	CCPE112-cond1.txt
0.6625080631056098	0.6625080631056098	0.07788338404004416	0.08655655102764698	CCPE113-cond1.txt
0.4889218140253972	0.4889218140253972	0.08159417072102744	0.09110862335695781	CCPE114-cond1.txt
0.4414414414414415	0.4414414414414415	0.06350006350009527	0.06070834938872647	CCPE115-cond1.txt
0.586625565975325	0.586625565975325	0.06781112260056125	0.09243423333081695	CCPE116-cond1.txt
0.25979436665882194	0.25979436665882194	0.052414241836095915	0.07029586526142172	CCPE117-cond1.txt
0.5037538957183441	0.5037538957183441	0.031299556106583054	0.041726585208447166	CCPE118-cond1.txt
0.5319352742372213	0.5319352742372213	0.09751747662166388	0.11603896472260425	CCPE119-cond1.txt
0.5197485057251942	0.5197485057251942	0.027025930306713835	0.03388127626056354	CCPE12-cond1.txt
0.6012258638495784	0.6012258638495784	0.12533928730774585	0.12576347268484797	CCPE120-cond1.txt
0.4741364422949214	0.4741364422949214	0.047074618983912776	0.04672022534399158	CCPE121-cond1.txt
0.5093277389147198	0.5093277389147198	0.03819255148133967	0.055252732029717457	CCPE122-cond1.txt
0.47144966799419896	0.47144966799419896	0.03888568855239095	0.04957577328158355	CCPE123-cond1.txt
0.612908797691822	0.612908797691822	0.0747942117715777	0.08343751419568424	CCPE124-cond1.txt
0.3840607646456104	0.3840607646456104	0.047203432003085063	0.0735463131352922	CCPE125-cond1.txt
0.5340708872530348	0.5340708872530348	0.05506054891399179	0.06639288043118026	CCPE126-cond1.txt
0.4933912616652189	0.4933912616652189	0.01535114379023964	0.014063135190128561	CCPE127-cond1.txt
0.44670651294902347	0.44670651294902347	0.05611428425577242	0.042346421208700094	CCPE128-cond1.txt
0.4719941250137274	0.4719941250137274	0.015606911646639882	0.025956921828894496	CCPE129-cond1.txt
0.44995014678985423	0.44995014678985423	0.020477934967178424	0.020340034846577548	CCPE13-cond1.txt
0.5396883355557999	0.5396883355557999	0.11241029341788782	0.14292878146443228	CCPE130-cond1.txt
0.5665577237325317	0.5665577237325317	0.013937366833451512	0.013222147133698627	CCPE131-cond1.txt
0.5258122880531064	0.5258122880531064	0.05307594931933441	0.06804438981702547	CCPE132-cond1.txt
0.4818759632331522	0.4818759632331522	0.048671731862327164	0.05157856472761418	CCPE133-cond1.txt
0.5637610869173768	0.5637610869173768	0.055641488407465724	0.07748774154904502	CCPE134-cond1.txt
0.35740043089942736	0.35740043089942736	0.008896008544727062	0.00837707816583391	CCPE135-cond1.txt
0.45219902504627585	0.45219902504627585	0.07073278556897407	0.0664868413227032	CCPE136-cond1.txt
0.5838250666651682	0.5838250666651682	0.10868327463292382	0.11009637651263605	CCPE137-cond1.txt
0.5762344061073095	0.5762344061073095	0.0560220174780894	0.05647572682511102	CCPE138-cond1.txt
0.48592598735485737	0.48592598735485737	0.09593993299420361	0.11323218404220574	CCPE139-cond1.txt
0.6258190956672418	0.6258190956672418	0.0740300820665865	0.08023600216427094	CCPE14-cond1.txt
0.4710557197659957	0.4710557197659957	0.09245491069036862	0.09502715789110561	CCPE140-cond1.txt
0.6481157380298432	0.6481157380298432	0.07404129292488856	0.07675165817793218	CCPE141-cond1.txt
0.5085532196844643	0.5085532196844643	0.09151446683524936	0.07938841860374446	CCPE142-cond1.txt
0.5617172988694518	0.5617172988694518	0.0991360432547385	0.11114765480922502	CCPE143-cond1.txt
0.3703280399090206	0.3703280399090206	0.029469178464536956	0.027956917416576094	CCPE144-cond1.txt
0.6815633947693238	0.6815633947693238	0.2704812838044297	0.27239679694888047	CCPE145-cond1.txt
0.4996602106301407	0.4996602106301407	0.06586208283966748	0.1011874886032327	CCPE146-cond1.txt
0.35399814309496785	0.35399814309496785	0.047962083830628895	0.05423556854211645	CCPE147-cond1.txt
0.4909090233189353	0.4909090233189353	0.04909957329246534	0.07067796440970116	CCPE148-cond1.txt
0.694904609443447	0.694904609443447	0.17981281833172388	0.18415881590576766	CCPE149-cond1.txt
0.41302047560507993	0.41302047560507993	0.0675033752531461	0.06674912392349772	CCPE15-cond1.txt
0.5436707693923765	0.5436707693923765	0.0763281773603659	0.10180918813945011	CCPE150-cond1.txt
0.5839752605312964	0.5839752605312964	0.1215402668837128	0.11968357700501157	CCPE151-cond1.txt
0.3448351433210983	0.3448351433210983	0.05705164741649084	0.0806649825587493	CCPE152-cond1.txt
0.5483047410019685	0.5483047410019685	0.11076503619639481	0.10986081669324103	CCPE153-cond1.txt
0.5294956581947278	0.5294956581947278	0.08633508463430568	0.1363638710523308	CCPE154-cond1.txt
0.5170577130281256	0.5170577130281256	0.11248031766646188	0.128920512778062	CCPE155-cond1.txt
0.5560430125845331	0.5560430125845331	0.11429924162366611	0.18726013513983641	CCPE156-cond1.txt
0.541503743012543	0.541503743012543	0.06124949469375316	0.08950798426939563	CCPE157-cond1.txt
0.5040803403381015	0.5040803403381015	0.05744469565609375	0.06040651585813016	CCPE158-cond1.txt
0.5021273862862168	0.5021273862862168	0.07678988318681085	0.06894959632408847	CCPE159-cond1.txt
0.5020790110464023	0.5020790110464023	0.06349058234087854	0.05614899250748771	CCPE16-cond1.txt
0.4553134026105778	0.4553134026105778	0.02089286447135043	0.032596989950380836	CCPE160-cond1.txt
0.5035244245083438	0.5035244245083438	0.043115565817939724	0.07094999497920206	CCPE161-cond1.txt
0.41836588293597976	0.41836588293597976	0.04758668672668006	0.0533676050223615	CCPE162-cond1.txt
0.3862030059676474	0.3862030059676474	0.09408908116364305	0.12779246432664076	CCPE163-cond1.txt
0.38798631133260586	0.38798631133260586	0.05414986025563596	0.05192377520339358	CCPE164-cond1.txt
0.4409378451900125	0.4409378451900125	0.021964432688595117	0.036428206351802155	CCPE165-cond1.txt
0.5042019004560474	0.5042019004560474	0.05346108565598205	0.08558905895607809	CCPE166-cond1.txt
0.6158071167710558	0.6158071167710558	0.04561504595866444	0.04284787472742173	CCPE167-cond1.txt
0.5863057831132674	0.5863057831132674	0.04828114967631774	0.04748960179502649	CCPE168-cond1.txt
0.42599821613620487	0.42599821613620487	0.032501354251307964	0.031362502409359	CCPE169-cond1.txt
0.5403811776711461	0.5403811776711461	0.06381534447172756	0.08215180532661738	CCPE17-cond1.txt
0.5270914682297921	0.5270914682297921	0.07272975653980149	0.09206343289100008	CCPE170-cond1.txt
0.5022824690214204	0.5022824690214204	0.02071380662497903	0.019080819424304413	CCPE171-cond1.txt
0.6555942722231326	0.6555942722231326	0.0986482800160101	0.10501181449373322	CCPE172-cond1.txt
0.5935065392972362	0.5935065392972362	0.016441009647098173	0.015384615384615385	CCPE173-cond1.txt
0.5485569988014368	0.5485569988014368	0.07078780017930177	0.09402964127971365	CCPE174-cond1.txt
0.5435656024929872	0.5435656024929872	0.04325236859159136	0.04585005254665335	CCPE175-cond1.txt
0.45714285714285713	0.45714285714285713	0.08929401954728154	0.11034185368809368	CCPE176-cond1.txt
0.6624087457565887	0.6624087457565887	0.10046754435815743	0.12249433736700606	CCPE177-cond1.txt
0.5041976842459338	0.5041976842459338	0.0	0.0	CCPE178-cond1.txt
0.5626807167844796	0.5626807167844796	0.09986803029552128	0.12300037885710939	CCPE179-cond1.txt
0.5079601106672375	0.5079601106672375	0.0	0.003226226123305515	CCPE18-cond1.txt
0.5604016004139629	0.5604016004139629	0.05918209902878388	0.05736020588442106	CCPE180-cond1.txt
0.5299121279053643	0.5299121279053643	0.028473717819121367	0.03203293254651154	CCPE181-cond1.txt
0.6326955289746139	0.6326955289746139	0.09599178815582327	0.10284834445266779	CCPE182-cond1.txt
0.507746412568671	0.507746412568671	0.06818181818181818	0.06759606381503601	CCPE183-cond1.txt
0.644848157110372	0.644848157110372	0.10247779899280131	0.1198941015649444	CCPE184-cond1.txt
0.47628204247844697	0.47628204247844697	0.05523638773951991	0.05378889437646768	CCPE185-cond1.txt
0.5527885524498636	0.5527885524498636	0.04165282762618335	0.03918902847766453	CCPE186-cond1.txt
0.5272467188121713	0.5272467188121713	0.12145597060264703	0.13084175639829704	CCPE187-cond1.txt
0.4701124265786655	0.4701124265786655	0.1266848215905952	0.16376580330957777	CCPE188-cond1.txt
0.6446836158063464	0.6446836158063464	0.10251521496661734	0.1090640720150833	CCPE189-cond1.txt
0.33040648222576036	0.33040648222576036	0.015330734993942463	0.013081398803354571	CCPE19-cond1.txt
0.47599658926824606	0.47599658926824606	0.04648348401006841	0.05249794205887963	CCPE190-cond1.txt
0.46035271429978103	0.46035271429978103	0.02543852002995573	0.02988445102323921	CCPE191-cond1.txt
0.6121896786418998	0.6121896786418998	0.01439631501497389	0.013631013668492179	CCPE192-cond1.txt
0.46979867608717435	0.46979867608717435	0.17527408004264702	0.18371182256467258	CCPE193-cond1.txt
0.5213158556497669	0.5213158556497669	0.060621719064042096	0.05134538593788056	CCPE194-cond1.txt
0.5768623976794579	0.5768623976794579	0.0680839475171389	0.08638224355850233	CCPE195-cond1.txt
0.49775923641883135	0.49775923641883135	0.023460220908673644	0.039147088788188254	CCPE196-cond1.txt
0.5913884544754326	0.5913884544754326	0.09175454127829678	0.08924023976939595	CCPE197-cond1.txt
0.5423278603677156	0.5423278603677156	0.15581468230913642	0.18002057495577387	CCPE198-cond1.txt
0.582406252072679	0.582406252072679	0.10149902101212996	0.09613620259240427	CCPE199-cond1.txt
0.5165351903204191	0.5165351903204191	0.11808420802934828	0.12409633614979246	CCPE2-cond1.txt
0.40173295687963495	0.40173295687963495	0.02034892318891199	0.027372445072567943	CCPE20-cond1.txt
0.6093164040330208	0.6093164040330208	0.0434102150527032	0.03925322359039036	CCPE200-cond1.txt
0.4243864859312951	0.4243864859312951	0.03322671513315974	0.049937789427764515	CCPE201-cond1.txt
0.5039885495102312	0.5039885495102312	0.07854469636559851	0.07838246410780698	CCPE202-cond1.txt
0.5033103134711431	0.5033103134711431	0.04949994974242348	0.05723306975953574	CCPE203-cond1.txt
0.37338799850612725	0.37338799850612725	0.055607067440108786	0.05157380567343915	CCPE204-cond1.txt
0.5821695995775331	0.5821695995775331	0.040427659968543556	0.03739707904349293	CCPE205-cond1.txt
0.48489521259632884	0.48489521259632884	0.03320038807791542	0.051786368224850055	CCPE206-cond1.txt
0.6974682613026025	0.6974682613026025	0.0732897579147237	0.12369346105021031	CCPE207-cond1.txt
0.629511580291707	0.629511580291707	0.05075735077625131	0.05011457950513644	CCPE208-cond1.txt
0.3265476132920678	0.3265476132920678	0.03158594780020034	0.04854368932038835	CCPE209-cond1.txt
0.5719888225775676	0.5719888225775676	0.02823662293116958	0.03144360928665396	CCPE21-cond1.txt
0.46363653740995264	0.46363653740995264	0.06507913734559685	0.06988826808520128	CCPE210-cond1.txt
0.38483657536455307	0.38483657536455307	0.059038334912137835	0.0708508919654774	CCPE211-cond1.txt
0.49855393727137914	0.49855393727137914	0.0438125329301322	0.07413509266270378	CCPE212-cond1.txt
0.5354104718360295	0.5354104718360295	0.07081520769751129	0.07789672846726242	CCPE213-cond1.txt
0.5513919433017547	0.5513919433017547	0.07711312805134472	0.0851080066962614	CCPE214-cond1.txt
0.46030899992813673	0.46030899992813673	0.025242189714700273	0.03923047024465604	CCPE215-cond1.txt
0.49852173589526094	0.49852173589526094	0.06950480468569159	0.1008415295625123	CCPE216-cond1.txt
0.4318497322157177	0.4318497322157177	0.10857505703319888	0.10793741444417318	CCPE217-cond1.txt
0.5196850393700788	0.5196850393700788	0.01566785257213903	0.02176457388115655	CCPE218-cond1.txt
0.6507656214676136	0.6507656214676136	0.11632642675691783	0.12565617248750863	CCPE219-cond1.txt
0.42631986596114424	0.42631986596114424	0.013468700594029477	0.01876980673100631	CCPE22-cond1.txt
0.4331441369238978	0.4331441369238978	0.025441092565739214	0.07057358485943205	CCPE220-cond1.txt
0.37907125275171766	0.37907125275171766	0.109082446284547	0.10724899728128172	CCPE221-cond1.txt
0.41929780298609026	0.41929780298609026	0.03727355216028197	0.05206576008754674	CCPE222-cond1.txt
0.3324972569089457	0.3324972569089457	0.03960304926122181	0.056206391097473836	CCPE223-cond1.txt
0.5258893327655293	0.5258893327655293	0.06796590597837959	0.0808745799025788	CCPE224-cond1.txt
0.4144658160099843	0.4144658160099843	0.06138790073548413	0.0759886716242829	CCPE225-cond1.txt
0.4553520397151558	0.4553520397151558	0.07233086283486827	0.0910580495959935	CCPE226-cond1.txt
0.5463879524737641	0.5463879524737641	0.1209415795813904	0.1209415795813904	CCPE227-cond1.txt
0.4959989558618094	0.4959989558618094	0.03625261833921238	0.0337312948586991	CCPE228-cond1.txt
0.6388448354343755	0.6388448354343755	0.039936942810303196	0.05432779635771789	CCPE229-cond1.txt
0.3332317692440369	0.3332317692440369	0.04727194592470654	0.051708768999501914	CCPE23-cond1.txt
0.5188271437939745	0.5188271437939745	0.09389050536260404	0.10265788662437325	CCPE230-cond1.txt
0.5910054954595972	0.5910054954595972	0.11671137478216759	0.14533165640031626	CCPE231-cond1.txt
0.5781014252375056	0.5781014252375056	0.04812177395114532	0.04520253566747369	CCPE232-cond1.txt
0.35893665884378567	0.35893665884378567	0.03753144575925375	0.03523224126039085	CCPE233-cond1.txt
0.6004474132178893	0.6004474132178893	0.016798421022632324	0.032038983119638424	CCPE234-cond1.txt
0.373679493197531	0.373679493197531	0.023913683897400582	0.02287345573646924	CCPE235-cond1.txt
0.4761008930992721	0.4761008930992721	0.12909944487358058	0.12452659495960562	CCPE236-cond1.txt
0.40833333333333327	0.40833333333333327	0.0612056372482123	0.09476574431637001	CCPE237-cond1.txt
0.5037911438250384	0.5037911438250384	0.10632558956821829	0.11623930417800803	CCPE238-cond1.txt
0.5687156583038663	0.5687156583038663	0.07963978098028483	0.0769800358919501	CCPE239-cond1.txt
0.5794157562293913	0.5794157562293913	0.09139038858424892	0.09663661290742138	CCPE24-cond1.txt
0.5857308783104392	0.5857308783104392	0.08516543902624599	0.08367678980990476	CCPE240-cond1.txt
0.5262706378981498	0.5262706378981498	0.05246031279899323	0.0934309308686112	CCPE241-cond1.txt
0.37667240638399113	0.37667240638399113	0.04252432555625623	0.04196599509226076	CCPE242-cond1.txt
0.6245383527799537	0.6245383527799537	0.1824350976834232	0.17341796047715383	CCPE243-cond1.txt
0.2215228119522081	0.2215228119522081	0.03391779807375454	0.041718847860146575	CCPE244-cond1.txt
0.48239724453214045	0.48239724453214045	0.03109671627928501	0.04072866223789848	CCPE245-cond1.txt
0.6735912376722586	0.6735912376722586	0.08251649424020913	0.1068727450088702	CCPE246-cond1.txt
0.34226673724476453	0.34226673724476453	0.01769781225379986	0.017958760161216693	CCPE247-cond1.txt
0.6039217543781152	0.6039217543781152	0.027243473132161772	0.04293308768808156	CCPE248-cond1.txt
0.5764080653505255	0.5764080653505255	0.11692448386618423	0.12206433496751869	CCPE249-cond1.txt
0.5867974678883882	0.5867974678883882	0.1123246296673465	0.12196517867158116	CCPE25-cond1.txt
0.41032913407141636	0.41032913407141636	0.026119564612543174	0.024113698891324732	CCPE250-cond1.txt
0.5856979351145187	0.5856979351145187	0.05036862005093147	0.04808779227281261	CCPE251-cond1.txt
0.604443747449511	0.604443747449511	0.1082595709579789	0.09359583855853376	CCPE252-cond1.txt
0.39416105690648384	0.39416105690648384	0.053886887586839294	0.1228748012143845	CCPE253-cond1.txt
0.5111630125684566	0.5111630125684566	0.05869448356125006	0.06329621044272915	CCPE254-cond1.txt
0.36887116407124215	0.36887116407124215	0.019070985589687433	0.03569153051241249	CCPE255-cond1.txt
0.6861871871346398	0.6861871871346398	0.09654001049186332	0.10590513049047909	CCPE256-cond1.txt
0.4536383816989942	0.4536383816989942	0.024755584754937807	0.03613408946268008	CCPE257-cond1.txt
0.6444867445487921	0.6444867445487921	0.05839454948814495	0.1009132383619431	CCPE258-cond1.txt
0.4767056521896967	0.4767056521896967	0.047853220016924346	0.06365465547017181	CCPE259-cond1.txt
0.3880288217913812	0.3880288217913812	0.05193741602201939	0.04618978117939933	CCPE26-cond1.txt
0.5722670964653784	0.5722670964653784	0.07792865001991965	0.08347838711296822	CCPE260-cond1.txt
0.6165345707317376	0.6165345707317376	0.09142270504259388	0.09787234042553192	CCPE261-cond1.txt
0.7508349723342836	0.7508349723342836	0.10522780560712588	0.13065717650803632	CCPE262-cond1.txt
0.5683885404773339	0.5683885404773339	0.07833886222110356	0.07892890151223697	CCPE263-cond1.txt
0.49594433590245335	0.49594433590245335	0.06815506834246089	0.1295047816476352	CCPE264-cond1.txt
0.6764623198568718	0.6764623198568718	0.08726208014769224	0.09527699174583824	CCPE265-cond1.txt
0.6054299749314156	0.6054299749314156	0.07304754219038152	0.0778498944161523	CCPE266-cond1.txt
0.5429244290043524	0.5429244290043524	0.02081326847908423	0.03537499729774337	CCPE267-cond1.txt
0.5021042981821205	0.5021042981821205	0.06977074369093103	0.09208035732284205	CCPE268-cond1.txt
0.4832696793170179	0.4832696793170179	0.08297662616429141	0.14661309931990196	CCPE269-cond1.txt
0.46840705397189414	0.46840705397189414	0.09557200209964746	0.10454167469786334	CCPE27-cond1.txt
0.5578659575552555	0.5578659575552555	0.15268326857957432	0.14345889447498128	CCPE270-cond1.txt
0.4931649738741018	0.4931649738741018	0.007692535285475851	0.021139869585728145	CCPE271-cond1.txt
0.583109347705093	0.583109347705093	0.045119992268091456	0.0507050677612976	CCPE272-cond1.txt
0.421386270800537	0.421386270800537	0.0366387021629119	0.05489394149395854	CCPE273-cond1.txt
0.4731699511080336	0.4731699511080336	0.02788918402228882	0.026020147394144395	CCPE274-cond1.txt
0.6447103522049811	0.6447103522049811	0.07818592154675767	0.09656878242708294	CCPE275-cond1.txt
0.4728866246430936	0.4728866246430936	0.015201009477834796	0.01775179006241816	CCPE276-cond1.txt
0.5473880539272233	0.5473880539272233	0.04869424125800208	0.08857255419959893	CCPE277-cond1.txt
0.4697318054509662	0.4697318054509662	0.04481162695003404	0.06033083465325889	CCPE278-cond1.txt
0.4542835995961863	0.4542835995961863	0.0	0.0	CCPE279-cond1.txt
0.23479148566821315	0.23479148566821315	0.09723055853282467	0.13059113231670105	CCPE28-cond1.txt
0.5078603638036808	0.5078603638036808	0.0059676239503286075	0.010724824201463114	CCPE280-cond1.txt
0.44960922864309605	0.44960922864309605	0.05563072498954754	0.05093165736983622	CCPE281-cond1.txt
0.5136881180497391	0.5136881180497391	0.17856841468222132	0.2300894966542111	CCPE282-cond1.txt
0.6960237595852037	0.6960237595852037	0.10301240803192185	0.12444312434148533	CCPE283-cond1.txt
0.35491128326738886	0.35491128326738886	0.09799288238102724	0.12966443420258317	CCPE284-cond1.txt
0.355697457490501	0.355697457490501	0.044406693481300274	0.05399984475066952	CCPE285-cond1.txt
0.5437553886898601	0.5437553886898601	0.02081382950630859	0.03416333590378283	CCPE286-cond1.txt
0.29083903975401987	0.29083903975401987	0.020985179204489925	0.03182261362297606	CCPE287-cond1.txt
0.476387725735521	0.476387725735521	0.0330192352640946	0.05240974256643347	CCPE288-cond1.txt
0.43546631210072384	0.43546631210072384	0.05892387424061382	0.08234087762578655	CCPE289-cond1.txt
0.5794889967019607	0.5794889967019607	0.09408270721240018	0.12078877455108962	CCPE29-cond1.txt
0.5852617452535092	0.5852617452535092	0.06006173577710343	0.06912473707428242	CCPE290-cond1.txt
0.5619302468476013	0.5619302468476013	0.04919325703410576	0.052535637816941747	CCPE291-cond1.txt
0.6585433941612013	0.6585433941612013	0.09809898276136582	0.11284656558662987	CCPE292-cond1.txt
0.7302187451830686	0.7302187451830686	0.03960153414364679	0.08532530727971518	CCPE293-cond1.txt
0.5372056195815894	0.5372056195815894	0.048269204706723426	0.07359928057436857	CCPE294-cond1.txt
0.5410912247592089	0.5410912247592089	0.07370054486713412	0.07216494845360825	CCPE295-cond1.txt
0.4190297888712959	0.4190297888712959	0.05620007874260993	0.05305788530457497	CCPE296-cond1.txt
0.7249120348308175	0.7249120348308175	0.2453067614136935	0.24969551977437893	CCPE297-cond1.txt
0.4509863533594179	0.4509863533594179	0.01728252824550709	0.016037507477489606	CCPE298-cond1.txt
0.40042671736190333	0.40042671736190333	0.06765100914917384	0.055188848211043494	CCPE299-cond1.txt
0.42488388506681873	0.42488388506681873	0.1261244604272791	0.13023306526765582	CCPE3-cond1.txt
0.41459554700043827	0.41459554700043827	0.11531766834911382	0.12146517514479982	CCPE30-cond1.txt
0.5848733198157428	0.5848733198157428	0.1417567168131141	0.17226140830388745	CCPE300-cond1.txt
0.552953773376051	0.552953773376051	0.06932419423397525	0.07444375004781978	CCPE301-cond1.txt
0.4904632880878653	0.4904632880878653	0.040077121396974634	0.0507988706059082	CCPE302-cond1.txt
0.449102691031387	0.449102691031387	0.022613556422052383	0.027631961664169306	CCPE303-cond1.txt
0.49352706561217324	0.49352706561217324	0.04506002380763745	0.047112583053859715	CCPE304-cond1.txt
0.4813806082924327	0.4813806082924327	0.030899318310621433	0.03764616262105214	CCPE305-cond1.txt
0.6074136373228155	0.6074136373228155	0.08030255124711748	0.17009303030181902	CCPE306-cond1.txt
0.47195020093189693	0.47195020093189693	0.021165634213919777	0.027003613662846065	CCPE307-cond1.txt
0.5060929400474629	0.5060929400474629	0.1933747698213141	0.205993755120716	CCPE308-cond1.txt
0.48643230329071346	0.48643230329071346	0.031772459748429564	0.03161076679173344	CCPE309-cond1.txt
0.3946108989335921	0.3946108989335921	0.009243423333081695	0.008684168428648434	CCPE31-cond1.txt
0.46461506505018396	0.46461506505018396	0.047578332052151895	0.04235196740046207	CCPE310-cond1.txt
0.6144314388672791	0.6144314388672791	0.0736581453382782	0.060405595943664056	CCPE311-cond1.txt
0.5455939069942359	0.5455939069942359	0.04113972459802924	0.08083682234797916	CCPE312-cond1.txt
0.6911761992958831	0.6911761992958831	0.06166942458047178	0.08284447169287859	CCPE313-cond1.txt
0.6	0.6	0.03813850356982369	0.038124642583151166	CCPE314-cond1.txt
0.46081116077325573	0.46081116077325573	0.08478155796818312	0.09022141990953615	CCPE315-cond1.txt
0.6304565857921487	0.6304565857921487	0.032666397170001686	0.03593961467333054	CCPE316-cond1.txt
0.3729338685741352	0.3729338685741352	0.03478787001903662	0.03478787001903662	CCPE317-cond1.txt
0.5430209893473684	0.5430209893473684	0.03458443043821728	0.04010537493761851	CCPE318-cond1.txt
0.5491301609131293	0.5491301609131293	0.09511443540862169	0.1050833185559927	CCPE319-cond1.txt
0.47623028466279915	0.47623028466279915	0.11894277744291586	0.1267731382092775	CCPE32-cond1.txt
0.3942708107353911	0.3942708107353911	0.008297612363287007	0.012333778956249198	CCPE320-cond1.txt
0.5315497288225647	0.5315497288225647	0.08522297399475184	0.14101067314925128	CCPE321-cond1.txt
0.5630250367409889	0.5630250367409889	0.06725344835612128	0.06369564500916093	CCPE322-cond1.txt
0.542840314088915	0.542840314088915	0.04610596446432293	0.06632028848993529	CCPE323-cond1.txt
0.5214658663583002	0.5214658663583002	0.03841911326555404	0.044730753994855016	CCPE324-cond1.txt
0.6597298056730622	0.6597298056730622	0.1134180516511001	0.14564381625088382	CCPE325-cond1.txt
0.5839958359129253	0.5839958359129253	0.025460325534408707	0.02675891028926752	CCPE326-cond1.txt
0.5325388159827259	0.5325388159827259	0.05387568198626966	0.08673515379838906	CCPE327-cond1.txt
0.42837836964662884	0.42837836964662884	0.01374704834111175	0.025743080781776787	CCPE328-cond1.txt
0.6239095900328683	0.6239095900328683	0.1372395106708133	0.14553735014641703	CCPE329-cond1.txt
0.6144088979239344	0.6144088979239344	0.13930434460023025	0.16101529717988264	CCPE33-cond1.txt
0.5310779841137188	0.5310779841137188	0.03739787960033828	0.05599656564929038	CCPE330-cond1.txt
0.5496550455114124	0.5496550455114124	0.0419379776556911	0.05935117406735284	CCPE331-cond1.txt
0.5622659999788946	0.5622659999788946	0.07208614909752227	0.07186599073914925	CCPE332-cond1.txt
0.5067925185306673	0.5067925185306673	0.08333653963307225	0.08511418499493603	CCPE333-cond1.txt
0.4929925018564249	0.4929925018564249	0.07634472069271932	0.09578848732436682	CCPE334-cond1.txt
0.6062145259284011	0.6062145259284011	0.10042785818835621	0.15081426076349363	CCPE335-cond1.txt
0.44690967864834297	0.44690967864834297	0.027472527472527472	0.026694110455426284	CCPE336-cond1.txt
0.4976790040584568	0.4976790040584568	0.04367825709760247	0.05383819020581655	CCPE337-cond1.txt
0.5517882828955154	0.5517882828955154	0.08002845962381026	0.08720930232558141	CCPE338-cond1.txt
0.4016213943906307	0.4016213943906307	0.03823595564509362	0.03535533905932737	CCPE339-cond1.txt
0.5224947211941143	0.5224947211941143	0.0	0.0	CCPE34-cond1.txt
0.5365909169221564	0.5365909169221564	0.05050762722761054	0.048039814816716	CCPE340-cond1.txt
0.280828505155725	0.280828505155725	0.03333333333333333	0.05150959166364059	CCPE341-cond1.txt
0.4030747914088494	0.4030747914088494	0.025555062599997593	0.02328890038958328	CCPE342-cond1.txt
0.5358896703746105	0.5358896703746105	0.10607142912365383	0.13307760596000315	CCPE343-cond1.txt
0.5067026554655579	0.5067026554655579	0.1198529108827699	0.1332264660678922	CCPE344-cond1.txt
0.5416852822590269	0.5416852822590269	0.04094197370337646	0.05612842506977015	CCPE345-cond1.txt
0.47620839764686135	0.47620839764686135	0.06593661395050775	0.0659605673675481	CCPE346-cond1.txt
0.3798768596076672	0.3798768596076672	0.0590168890850654	0.05710644881985997	CCPE347-cond1.txt
0.5329810655714304	0.5329810655714304	0.03140027409069988	0.03472953139443711	CCPE348-cond1.txt
0.4551292344675796	0.4551292344675796	0.1660317437237662	0.15688968989350513	CCPE349-cond1.txt
0.6342856459108535	0.6342856459108535	0.06658668987640516	0.06764926049627147	CCPE35-cond1.txt
0.3710737184661975	0.3710737184661975	0.04378391145772781	0.04169418232462503	CCPE350-cond1.txt
0.633304834996588	0.633304834996588	0.10402774443159934	0.10521886661679009	CCPE351-cond1.txt
0.37312842503645094	0.37312842503645094	0.034275531069192615	0.032274861218395144	CCPE352-cond1.txt
0.5630556006650069	0.5630556006650069	0.10786387432600121	0.11180339887498948	CCPE353-cond1.txt
0.3778901217794316	0.3778901217794316	0.05197191965064278	0.06761234037828132	CCPE354-cond1.txt
0.7214383605575238	0.7214383605575238	0.08752798094529017	0.08338003054146459	CCPE355-cond1.txt
0.4616281197390624	0.4616281197390624	0.10707595557083736	0.11058767617456258	CCPE356-cond1.txt
0.5138581861552921	0.5138581861552921	0.04057884520952706	0.12794524422902345	CCPE357-cond1.txt
0.5883650948534664	0.5883650948534664	0.12636290183099685	0.16266819232022203	CCPE358-cond1.txt
0.44124875164638494	0.44124875164638494	0.0186225874400331	0.016554385651454052	CCPE359-cond1.txt
0.6230740922165976	0.6230740922165976	0.07165314407518908	0.08245437641525487	CCPE36-cond1.txt
0.4568986705168133	0.4568986705168133	0.028125343329040462	0.04687557221506743	CCPE360-cond1.txt
0.49947186660053056	0.49947186660053056	0.03225911354182047	0.04545584987666715	CCPE361-cond1.txt
0.33730995641376155	0.33730995641376155	0.028008042574945845	0.027639499641139105	CCPE362-cond1.txt
0.4969146088646176	0.4969146088646176	0.1275023857114898	0.1621362348836909	CCPE363-cond1.txt
0.4451439298908847	0.4451439298908847	0.03745975238765959	0.07617976971708881	CCPE364-cond1.txt
0.43829911103831565	0.43829911103831565	0.0639003587660214	0.08715451873534019	CCPE365-cond1.txt
0.39613980687970457	0.39613980687970457	0.0	0.0	CCPE366-cond1.txt
0.6580181647982938	0.6580181647982938	0.02784230231948523	0.030896552899749956	CCPE367-cond1.txt
0.592473584521129	0.592473584521129	0.04321694436393718	0.03878076666520073	CCPE368-cond1.txt
0.4655104780012951	0.4655104780012951	0.05580809183750251	0.06829621136213554	CCPE369-cond1.txt
0.6647158626514139	0.6647158626514139	0.06906579881964875	0.1084154170908989	CCPE37-cond1.txt
0.6525919716868599	0.6525919716868599	0.12599935811050506	0.18121425362322977	CCPE370-cond1.txt
0.5002067397235338	0.5002067397235338	0.071271049772223	0.08067126882270807	CCPE371-cond1.txt
0.5064501810677441	0.5064501810677441	0.029832476231671578	0.06290477135254119	CCPE372-cond1.txt
0.7216650717874407	0.7216650717874407	0.2201785605118815	0.2330029855391171	CCPE373-cond1.txt
0.5795291571935766	0.5795291571935766	0.05730973004414298	0.0578569595297957	CCPE374-cond1.txt
0.6039948655184361	0.6039948655184361	0.07357423707102437	0.08728994941747219	CCPE375-cond1.txt
0.253684209189381	0.253684209189381	0.03721936841593883	0.061847688817140596	CCPE376-cond1.txt
0.5079496239912188	0.5079496239912188	0.05901214332574142	0.051540550531317446	CCPE377-cond1.txt
0.44827725657564715	0.44827725657564715	0.00830741310465378	0.007969708913291728	CCPE378-cond1.txt
0.5993460322544725	0.5993460322544725	0.04240105861500487	0.05499255276155496	CCPE379-cond1.txt
0.5801771051997194	0.5801771051997194	0.03984348346977647	0.03802308854563442	CCPE38-cond1.txt
0.5545171332563968	0.5545171332563968	0.10778956231282201	0.10415662118068289	CCPE380-cond1.txt
0.7097775233095545	0.7097775233095545	0.03747333575792506	0.04770521745774299	CCPE381-cond1.txt
0.39367267358676816	0.39367267358676816	0.02206715277903146	0.018948231766250427	CCPE382-cond1.txt
0.4494848159436228	0.4494848159436228	0.00701171936519452	0.006665777955516059	CCPE383-cond1.txt
0.3679192891894674	0.3679192891894674	0.056773295580365944	0.08393455655887991	CCPE384-cond1.txt
0.5603895778696573	0.5603895778696573	0.04719784546753048	0.06414239514401757	CCPE385-cond1.txt
0.544973385582695	0.544973385582695	0.10187131593365516	0.09503288904374106	CCPE386-cond1.txt
0.4729155262758176	0.4729155262758176	0.06830754072170622	0.07151985398521515	CCPE387-cond1.txt
0.6188191594751901	0.6188191594751901	0.05465215298199608	0.07227256560738247	CCPE388-cond1.txt
0.3731293158120429	0.3731293158120429	0.0375606538541946	0.04124588165931639	CCPE389-cond1.txt
0.6446061120073776	0.6446061120073776	0.04910799924015477	0.04174873709554438	CCPE39-cond1.txt
0.5958189225536495	0.5958189225536495	0.05361804330073642	0.05202794405150093	CCPE390-cond1.txt
0.25708355455569015	0.25708355455569015	0.015579423821243894	0.015579423821243894	CCPE391-cond1.txt
0.47043896219915415	0.47043896219915415	0.015267620413811484	0.027820744203732862	CCPE392-cond1.txt
0.3944817661350009	0.3944817661350009	0.09207642958059184	0.0962962962962963	CCPE393-cond1.txt
0.603217989899734	0.603217989899734	0.10533410538872404	0.1188390181544756	CCPE394-cond1.txt
0.4757512855624099	0.4757512855624099	0.03892730651026991	0.04780362088666565	CCPE395-cond1.txt
0.4464496521962677	0.4464496521962677	0.06798516917465378	0.07336711737614394	CCPE396-cond1.txt
0.6191980139726143	0.6191980139726143	0.03210520474691909	0.02883874839585746	CCPE397-cond1.txt
0.43814707069108816	0.43814707069108816	0.031317794614129264	0.0502327542605145	CCPE398-cond1.txt
0.5839407951851934	0.5839407951851934	0.07650285915262824	0.07497846047241176	CCPE399-cond1.txt
0.5636752875251925	0.5636752875251925	0.03517735869572115	0.04803050906295993	CCPE4-cond1.txt
0.7234269153465607	0.7234269153465607	0.08890415760631958	0.13423038163335263	CCPE40-cond1.txt
0.5247458251983744	0.5247458251983744	0.01689664950130658	0.01503461948310659	CCPE400-cond1.txt
0.5181058993865806	0.5181058993865806	0.004918297147505046	0.013931955314383822	CCPE401-cond1.txt
0.5983735016339102	0.5983735016339102	0.039999999999999994	0.07200586296457534	CCPE402-cond1.txt
0.31972677254188114	0.31972677254188114	0.037976585159429116	0.03487900532075779	CCPE403-cond1.txt
0.5352734678305352	0.5352734678305352	0.027912713856911346	0.02634888321390119	CCPE404-cond1.txt
0.604995053817337	0.604995053817337	0.09979744902560714	0.10214817820553035	CCPE405-cond1.txt
0.5864575918384518	0.5864575918384518	0.08417303429056133	0.09469095041060555	CCPE406-cond1.txt
0.6583631382645352	0.6583631382645352	0.0939952156090644	0.09989762642834413	CCPE407-cond1.txt
0.39054047185345236	0.39054047185345236	0.05391638660171921	0.05391638660171921	CCPE408-cond1.txt
0.35076524349652627	0.35076524349652627	0.1055472648231561	0.11840213650802228	CCPE409-cond1.txt
0.41476338219196024	0.41476338219196024	0.02135244837651487	0.03390005807762925	CCPE41-cond1.txt
0.6481226126976728	0.6481226126976728	0.03415650255319866	0.060684092245716	CCPE410-cond1.txt
0.531974278510374	0.531974278510374	0.02982897369630059	0.03854537745477673	CCPE411-cond1.txt
0.48134269880831343	0.48134269880831343	0.06309713215304179	0.060372457380088805	CCPE412-cond1.txt
0.4565292644763152	0.4565292644763152	0.0393712992717945	0.03597215394180964	CCPE413-cond1.txt
0.5491590907752619	0.5491590907752619	0.051171149242463264	0.061591318058287464	CCPE414-cond1.txt
0.5925971924889236	0.5925971924889236	0.050633213116326056	0.06489251525161845	CCPE415-cond1.txt
0.5731399458087401	0.5731399458087401	0.03198717610788007	0.03866002654210403	CCPE416-cond1.txt
0.6581649615317339	0.6581649615317339	0.1541723067537724	0.17203169748963512	CCPE417-cond1.txt
0.6088310732543318	0.6088310732543318	0.022351950249084502	0.024789257513213994	CCPE418-cond1.txt
0.6026676782177449	0.6026676782177449	0.07760592213986414	0.08868633750703779	CCPE419-cond1.txt
0.28122224436216375	0.28122224436216375	0.0457495710997814	0.045617155276182327	CCPE42-cond1.txt
0.42282680367990566	0.42282680367990566	0.053243486806500206	0.07061267297367757	CCPE420-cond1.txt
0.26789501382893466	0.26789501382893466	0.01551646880385759	0.02052100716291352	CCPE421-cond1.txt
0.537522633582539	0.537522633582539	0.11227217828476797	0.13102120744636395	CCPE422-cond1.txt
0.6981793854775942	0.6981793854775942	0.03535602961352453	0.04522270962516364	CCPE423-cond1.txt
0.47435011963873874	0.47435011963873874	0.03211203782239221	0.041000925459904976	CCPE424-cond1.txt
0.5501971079626596	0.5501971079626596	0.02106927178566516	0.04019390084988932	CCPE425-cond1.txt
0.5989162235167386	0.5989162235167386	0.08868501529051988	0.09394327597315551	CCPE426-cond1.txt
0.4558738358962881	0.4558738358962881	0.033153725527690144	0.031182403122227385	CCPE427-cond1.txt
0.46152147682795674	0.46152147682795674	0.07289121190264171	0.07159650278620153	CCPE428-cond1.txt
0.3678574270706707	0.3678574270706707	0.0	0.04571503208824944	CCPE429-cond1.txt
0.4451637133766824	0.4451637133766824	0.026837110011169243	0.024882774143811008	CCPE43-cond1.txt
0.42493360930991286	0.42493360930991286	0.029459941256935702	0.05914272920158134	CCPE430-cond1.txt
0.6701947976031212	0.6701947976031212	0.06785667424946752	0.07007888314028647	CCPE431-cond1.txt
0.6494090930153599	0.6494090930153599	0.07579238282385406	0.10134483201751006	CCPE432-cond1.txt
0.6362935382481654	0.6362935382481654	0.06165531606864755	0.06053314790040761	CCPE433-cond1.txt
0.476804135020421	0.476804135020421	0.09432422182837985	0.07901613791877952	CCPE434-cond1.txt
0.32840099945550094	0.32840099945550094	0.03611052289579302	0.031817816601997305	CCPE435-cond1.txt
0.5006970223718556	0.5006970223718556	0.11834053166205946	0.14696223649764426	CCPE436-cond1.txt
0.44346545355610717	0.44346545355610717	0.0942631005871628	0.0905197640743564	CCPE437-cond1.txt
0.541676038305493	0.541676038305493	0.07142857142857142	0.07737759544994183	CCPE438-cond1.txt
0.6023394139760327	0.6023394139760327	0.04819976821992186	0.05154399088728794	CCPE439-cond1.txt
0.6027876345485339	0.6027876345485339	0.0641688947919748	0.06745679089991416	CCPE44-cond1.txt
0.6117334786954925	0.6117334786954925	0.21109424134126775	0.2851083331495424	CCPE440-cond1.txt
0.5944712119425084	0.5944712119425084	0.12646014036773673	0.1993732011516583	CCPE441-cond1.txt
0.32390721474931583	0.32390721474931583	0.04757226595177731	0.05278323267611879	CCPE442-cond1.txt
0.38202872398020793	0.38202872398020793	0.0	0.038851434494290564	CCPE443-cond1.txt
0.446371186283886	0.446371186283886	0.07864501760273467	0.0690415816818258	CCPE444-cond1.txt
0.42791157994517676	0.42791157994517676	0.06093872210227981	0.10213764617139018	CCPE445-cond1.txt
0.584822571670839	0.584822571670839	0.024272960419086637	0.031006566748690224	CCPE446-cond1.txt
0.5204605722798725	0.5204605722798725	0.08411910241920598	0.08535791995526398	CCPE447-cond1.txt
0.5798161522655397	0.5798161522655397	0.08092360371741152	0.08021074987523702	CCPE448-cond1.txt
0.48205037449907956	0.48205037449907956	0.02210172789885375	0.021197385489175217	CCPE449-cond1.txt
0.616521103567053	0.616521103567053	0.09648946269312586	0.11451403516345973	CCPE45-cond1.txt
0.6564381164770537	0.6564381164770537	0.0746110019999276	0.09417771401165821	CCPE450-cond1.txt
0.573424815849345	0.573424815849345	0.05441914926198946	0.0785081015728862	CCPE451-cond1.txt
0.3925343359894298	0.3925343359894298	0.0254000254000381	0.05114781589870119	CCPE452-cond1.txt
0.484501460130624	0.484501460130624	0.026387888163494695	0.025680225924527622	CCPE453-cond1.txt
0.5666134574456225	0.5666134574456225	0.06856113118298035	0.09864691134859774	CCPE454-cond1.txt
0.4187648694486316	0.4187648694486316	0.06081636405595374	0.0776215472823781	CCPE455-cond1.txt
0.3559026084010437	0.3559026084010437	0.034908213887296195	0.032151598521766314	CCPE456-cond1.txt
0.5039859552272427	0.5039859552272427	0.0043585502734650415	0.008114408259335794	CCPE457-cond1.txt
0.5769876223038187	0.5769876223038187	0.1747279514637202	0.17247964680719963	CCPE458-cond1.txt
0.5201871332255125	0.5201871332255125	0.08622398583656873	0.08728629315953096	CCPE459-cond1.txt
0.4741338074673779	0.4741338074673779	0.0376310549220724	0.03259041103041159	CCPE46-cond1.txt
0.4341085632629303	0.4341085632629303	0.030263039483491294	0.029485827357459735	CCPE460-cond1.txt
0.6413782052307164	0.6413782052307164	0.04773311904281535	0.05987398979478735	CCPE461-cond1.txt
0.6497786421853144	0.6497786421853144	0.054100763272645944	0.050013524003500495	CCPE462-cond1.txt
0.5302684483716464	0.5302684483716464	0.09921506860604869	0.12054767124822008	CCPE463-cond1.txt
0.5114266887423823	0.5114266887423823	0.04229987130895505	0.039462026245803854	CCPE464-cond1.txt
0.5627831158428312	0.5627831158428312	0.07828759356001366	0.11214341097747647	CCPE465-cond1.txt
0.5523480008862758	0.5523480008862758	0.043808167863407826	0.05055278380992275	CCPE466-cond1.txt
0.3231258124604861	0.3231258124604861	0.00837707816583391	0.030082841879809342	CCPE467-cond1.txt
0.2486522812870361	0.2486522812870361	0.009343346461003871	0.00922727553930444	CCPE468-cond1.txt
0.556990710050307	0.556990710050307	0.12795265564328004	0.12604636425989765	CCPE469-cond1.txt
0.3666684408444764	0.3666684408444764	0.035468823797244343	0.030543152536740736	CCPE47-cond1.txt
0.6601958068644185	0.6601958068644185	0.09382482641465775	0.11788037002706227	CCPE470-cond1.txt
0.524570132709516	0.524570132709516	0.03166237934306518	0.03902440881590391	CCPE471-cond1.txt
0.577958659702998	0.577958659702998	0.025041771123531672	0.04715792121147197	CCPE472-cond1.txt
0.29838053407778836	0.29838053407778836	0.05055803304765145	0.10787795477767842	CCPE473-cond1.txt
0.4918611318499376	0.4918611318499376	0.005360562674188974	0.014335863748112892	CCPE474-cond1.txt
0.5253916111426936	0.5253916111426936	0.14446519710872746	0.17874728409260437	CCPE475-cond1.txt
0.583258557073196	0.583258557073196	0.02679934816202208	0.024989693876475694	CCPE476-cond1.txt
0.5941660004765374	0.5941660004765374	0.10066248015867667	0.10036684815416677	CCPE477-cond1.txt
0.3976608308533869	0.3976608308533869	0.007037194868897664	0.006782974396303997	CCPE478-cond1.txt
0.44240649871925397	0.44240649871925397	0.02296037905959851	0.02142857142857143	CCPE479-cond1.txt
0.4068942293855797	0.4068942293855797	0.07209372509105906	0.07154547587901781	CCPE48-cond1.txt
0.6878909381303684	0.6878909381303684	0.14789248533553648	0.14680635691329996	CCPE480-cond1.txt
0.45602363938911944	0.45602363938911944	0.021855639441573146	0.01940376314265832	CCPE481-cond1.txt
0.4473985091301463	0.4473985091301463	0.12108925556502835	0.13034918435963908	CCPE482-cond1.txt
0.5168006489455166	0.5168006489455166	0.06149245441640604	0.09072897294031679	CCPE483-cond1.txt
0.3696722956195865	0.3696722956195865	0.0	0.006471983557247686	CCPE484-cond1.txt
0.4689131242269608	0.4689131242269608	0.06376804093660592	0.10455225530359845	CCPE485-cond1.txt
0.5499491495090307	0.5499491495090307	0.12276713866067024	0.1362321244850449	CCPE486-cond1.txt
0.4212570496119272	0.4212570496119272	0.04562127588097608	0.058097927510404115	CCPE487-cond1.txt
0.6950672199957966	0.6950672199957966	0.0802585816608899	0.09212669834735938	CCPE488-cond1.txt
0.6872124433474766	0.6872124433474766	0.09973828388847983	0.14010139932727037	CCPE489-cond1.txt
0.42178569158674356	0.42178569158674356	0.036681404572544984	0.03648258790747247	CCPE49-cond1.txt
0.3710446297495141	0.3710446297495141	0.09706645882695666	0.10872320420450646	CCPE490-cond1.txt
0.5742047460625396	0.5742047460625396	0.15184701527408415	0.2261772234694815	CCPE491-cond1.txt
0.5803264082140402	0.5803264082140402	0.015650813031946004	0.024374417461492867	CCPE492-cond1.txt
0.4227994567643842	0.4227994567643842	0.11320157494903393	0.12137414413712631	CCPE493-cond1.txt
0.46803601169136533	0.46803601169136533	0.09081532183729997	0.08468062502939014	CCPE494-cond1.txt
0.5252208339324543	0.5252208339324543	0.009202237520011869	0.01635940509777841	CCPE495-cond1.txt
0.5380979942394879	0.5380979942394879	0.022421750104192978	0.021637116120395775	CCPE496-cond1.txt
0.5354496700964052	0.5354496700964052	0.028773237222766604	0.03456132895012208	CCPE497-cond1.txt
0.5989498660397091	0.5989498660397091	0.044906277013597784	0.07214988591308309	CCPE498-cond1.txt
0.5996858670220656	0.5996858670220656	0.05004636069609791	0.06251865798263966	CCPE499-cond1.txt
0.5567299688834214	0.5567299688834214	0.031423864614417235	0.047012078697595126	CCPE5-cond1.txt
0.4666277875465801	0.4666277875465801	0.038308031026015245	0.05411697975069926	CCPE50-cond1.txt
0.6447373686314481	0.6447373686314481	0.06496490963420912	0.06804138174397716	CCPE500-cond1.txt
0.5580920238756377	0.5580920238756377	0.11817833654810479	0.12293320645666606	CCPE501-cond1.txt
0.6549707602339181	0.6549707602339181	0.11311610761536084	0.13440316265010346	CCPE502-cond1.txt
0.3993810315141836	0.3993810315141836	0.0	0.007767122075015001	CCPE51-cond1.txt
0.3964618856173241	0.3964618856173241	0.03965257928590721	0.03696106354772864	CCPE52-cond1.txt
0.39144902681281263	0.39144902681281263	0.08279105647628296	0.10081338890712932	CCPE53-cond1.txt
0.3611359324086246	0.3611359324086246	0.06137164119322156	0.06085806194501846	CCPE54-cond1.txt
0.4978066369700667	0.4978066369700667	0.03218696997235117	0.03132849606484793	CCPE55-cond1.txt
0.47602006289932364	0.47602006289932364	0.1077442249554798	0.10422050135913874	CCPE56-cond1.txt
0.48482375209743706	0.48482375209743706	0.152994507610704	0.18465481063133818	CCPE57-cond1.txt
0.46489898354624465	0.46489898354624465	0.13423121104280486	0.12700812927656027	CCPE58-cond1.txt
0.5773673766246026	0.5773673766246026	0.04676978937186881	0.04382653500021323	CCPE59-cond1.txt
0.4400596565748888	0.4400596565748888	0.12696245340991424	0.127632444623547	CCPE6-cond1.txt
0.6947597815172964	0.6947597815172964	0.09903815927478139	0.120016329863313	CCPE60-cond1.txt
0.5907296324884299	0.5907296324884299	0.0922531208028885	0.0958916185234241	CCPE61-cond1.txt
0.48211225714505723	0.48211225714505723	0.07117973547839941	0.06693586211779577	CCPE62-cond1.txt
0.3665186882712503	0.3665186882712503	0.07482847110217518	0.08717763016099024	CCPE63-cond1.txt
0.5074143192924834	0.5074143192924834	0.031213939665286402	0.04718999845806683	CCPE64-cond1.txt
0.46305503398438197	0.46305503398438197	0.045497650770495265	0.04291081494186504	CCPE65-cond1.txt
0.5047850604347467	0.5047850604347467	0.02805377451669466	0.044521911990043635	CCPE66-cond1.txt
0.41887443984281164	0.41887443984281164	0.05784465915995832	0.05359833643494158	CCPE67-cond1.txt
0.3918138890690035	0.3918138890690035	0.008606629658238702	0.008343769572029314	CCPE68-cond1.txt
0.4690399135092253	0.4690399135092253	0.029007517144011733	0.037046566700654676	CCPE69-cond1.txt
0.4632946360147396	0.4632946360147396	0.029375082872529514	0.028712552986783494	CCPE7-cond1.txt
0.6019820970270344	0.6019820970270344	0.11603896472260425	0.17606127421965892	CCPE70-cond1.txt
0.6811022344872547	0.6811022344872547	0.05867461582665822	0.09145412408696417	CCPE71-cond1.txt
0.4485356801377903	0.4485356801377903	0.06080689921050602	0.07644211510308686	CCPE72-cond1.txt
0.5259735124044597	0.5259735124044597	0.1435072727076584	0.1473272827644599	CCPE73-cond1.txt
0.6005563283531749	0.6005563283531749	0.02590735399699019	0.03150974121598912	CCPE74-cond1.txt
0.3478004320506405	0.3478004320506405	0.08410572192377397	0.097621707801551	CCPE75-cond1.txt
0.48469318554981006	0.48469318554981006	0.07239349239274025	0.07276068751089988	CCPE76-cond1.txt
0.4962582455458511	0.4962582455458511	0.13193268841990657	0.15624767530562533	CCPE77-cond1.txt
0.598048165842081	0.598048165842081	0.06311797083955631	0.06775491660349556	CCPE78-cond1.txt
0.6255186590742159	0.6255186590742159	0.09929301299838124	0.11920540257484746	CCPE79-cond1.txt
0.5043000644539024	0.5043000644539024	0.029144333132531612	0.027573095580746203	CCPE8-cond1.txt
0.49598228356472185	0.49598228356472185	0.01890413211508922	0.025826585624371057	CCPE80-cond1.txt
0.3815484129841861	0.3815484129841861	0.010406509017574377	0.020119054676115227	CCPE81-cond1.txt
0.5811286336581448	0.5811286336581448	0.053474534082174216	0.0823456757020772	CCPE82-cond1.txt
0.5400617248673216	0.5400617248673216	0.040644850966246954	0.03866577236662752	CCPE83-cond1.txt
0.41522952743401775	0.41522952743401775	0.006715191366878169	0.012712320904523034	CCPE84-cond1.txt
0.47884262244294296	0.47884262244294296	0.04315418142994276	0.04424160132194652	CCPE85-cond1.txt
0.5439071679668716	0.5439071679668716	0.02047650389446504	0.024387977130075424	CCPE86-cond1.txt
0.6650201905485424	0.6650201905485424	0.07269604724271661	0.09875106606839944	CCPE87-cond1.txt
0.38165656398079645	0.38165656398079645	0.056564017554509814	0.05864823643215435	CCPE88-cond1.txt
0.5442519637597588	0.5442519637597588	0.027842733993126024	0.03625386084870216	CCPE89-cond1.txt
0.4272046005593396	0.4272046005593396	0.02711630722733202	0.03253000243161777	CCPE9-cond1.txt
0.5998077959092754	0.5998077959092754	0.12434517258249574	0.12811320811529864	CCPE90-cond1.txt
0.45948149162406443	0.45948149162406443	0.07839370680581631	0.07287195577358624	CCPE91-cond1.txt
0.5126747368509817	0.5126747368509817	0.07185081296707788	0.087167173692536	CCPE92-cond1.txt
0.599599880745943	0.599599880745943	0.05098944729618495	0.06713716575698064	CCPE93-cond1.txt
0.43037838886871654	0.43037838886871654	0.17891763388899865	0.1707185299205956	CCPE94-cond1.txt
0.574307814928905	0.574307814928905	0.07220760567297696	0.06468767712737356	CCPE95-cond1.txt
0.5942262493496531	0.5942262493496531	0.11573001704370672	0.11177929677680552	CCPE96-cond1.txt
0.3981457855686075	0.3981457855686075	0.04392052305789416	0.05984873720496733	CCPE97-cond1.txt
0.4992886168972639	0.4992886168972639	0.07163561120028328	0.08494954106796818	CCPE98-cond1.txt
0.45013409311586605	0.45013409311586605	0.04829998937400352	0.05963165983999985	CCPE99-cond1.txt
