syntax_penn_tok2	syntax_penn_lem2	lexical_tok2	lexical_lem2	condition_info
0.4190651878785075	0.4190651878785075	0.04062594777350891	0.06543447260608956	CCPE100-CCPE486-cond1
0.38924947208076144	0.38924947208076144	0.0809776330178916	0.0934425287800843	CCPE102-CCPE430-cond1
0.48448139512495436	0.48448139512495436	0.014612950767393228	0.033262448971700394	CCPE103-CCPE46-cond1
0.5915204817512771	0.5915204817512771	0.07383571896879335	0.07229954520778102	CCPE107-CCPE148-cond1
0.3625727724763187	0.3625727724763187	0.06527533657682197	0.07833494518006402	CCPE10-CCPE210-cond1
0.26780523034808895	0.26780523034808895	0.0336977416260745	0.09127157186106635	CCPE10-CCPE42-cond1
0.5032160262023233	0.5032160262023233	0.0	0.013970991410265142	CCPE111-CCPE307-cond1
0.47298816656059517	0.47298816656059517	0.028317012055913818	0.027607881518711637	CCPE111-CCPE433-cond1
0.44047841865837845	0.44047841865837845	0.0	0.0	CCPE112-CCPE251-cond1
0.4357908705611559	0.4357908705611559	0.057898561505840454	0.05977995117773381	CCPE113-CCPE286-cond1
0.5195154235841511	0.5195154235841511	0.027263927063639882	0.0695409074734988	CCPE114-CCPE418-cond1
0.49045242763201985	0.49045242763201985	0.06993049740030768	0.07563680370631994	CCPE114-CCPE5-cond1
0.6138245895861674	0.6138245895861674	0.07472647177570733	0.10508936395519798	CCPE117-CCPE482-cond1
0.5006421579143375	0.5006421579143375	0.032433617027367995	0.039595344368028	CCPE117-CCPE88-cond1
0.4101316014439907	0.4101316014439907	0.0360187923043778	0.04914731871829905	CCPE118-CCPE307-cond1
0.6715282818482304	0.6715282818482304	0.06940926539010443	0.09020771689863955	CCPE120-CCPE92-cond1
0.4336194961761003	0.4336194961761003	0.03319759292980183	0.04016874179283649	CCPE121-CCPE435-cond1
0.709781169217739	0.709781169217739	0.07532435771547094	0.07407407407407407	CCPE121-CCPE500-cond1
0.4751111590206295	0.4751111590206295	0.08281772696122236	0.08606629658238706	CCPE123-CCPE134-cond1
0.4451992971866842	0.4451992971866842	0.08074689918749242	0.11286652959662007	CCPE125-CCPE163-cond1
0.3552414175632158	0.3552414175632158	0.04385634351361326	0.05617622936141538	CCPE125-CCPE407-cond1
0.530195379527917	0.530195379527917	0.02961461533657978	0.029677723518628272	CCPE126-CCPE324-cond1
0.4523524604299003	0.4523524604299003	0.02277142339906299	0.0314381825734719	CCPE126-CCPE486-cond1
0.46494781490855	0.46494781490855	0.026319840237884865	0.026319840237884865	CCPE126-CCPE51-cond1
0.43972053406916256	0.43972053406916256	0.08266243205933745	0.08042789854699965	CCPE128-CCPE12-cond1
0.2928422023095803	0.2928422023095803	0.04035123943257396	0.051581781050675804	CCPE128-CCPE165-cond1
0.40750760055514323	0.40750760055514323	0.03007433789606916	0.028277202830196094	CCPE12-CCPE128-cond1
0.607593659455695	0.607593659455695	0.03152050090256395	0.03810249640493437	CCPE131-CCPE433-cond1
0.4592882973340072	0.4592882973340072	0.025515518153991435	0.023509354666100622	CCPE131-CCPE58-cond1
0.5308703492123977	0.5308703492123977	0.07756530109846968	0.08702337775531169	CCPE132-CCPE50-cond1
0.4288137475835505	0.4288137475835505	0.04594768006447692	0.04249871620400505	CCPE133-CCPE152-cond1
0.36294788966522407	0.36294788966522407	0.06113543594544168	0.058247852015229175	CCPE133-CCPE42-cond1
0.5190423836205142	0.5190423836205142	0.038585763088909424	0.03798685881987932	CCPE133-CCPE442-cond1
0.39877111844763213	0.39877111844763213	0.0	0.0	CCPE133-CCPE471-cond1
0.4862612214006191	0.4862612214006191	0.04861111111111111	0.0557727449417815	CCPE134-CCPE123-cond1
0.5431396673292281	0.5431396673292281	0.040238109352230454	0.06466529947193088	CCPE134-CCPE244-cond1
0.49767260179343953	0.49767260179343953	0.03631780280336741	0.034299717028501764	CCPE135-CCPE166-cond1
0.3352984490967545	0.3352984490967545	0.006275917156984285	0.005714285714285713	CCPE135-CCPE370-cond1
0.4980981520062101	0.4980981520062101	0.03522349768381735	0.033375078288117255	CCPE136-CCPE13-cond1
0.43303234562533155	0.43303234562533155	0.007874259854358901	0.014933692277237473	CCPE139-CCPE157-cond1
0.4670673170992993	0.4670673170992993	0.02426307930309848	0.038235955645093626	CCPE139-CCPE27-cond1
0.6126465980243385	0.6126465980243385	0.008683104387913124	0.02704840614027704	CCPE139-CCPE394-cond1
0.5041508248213565	0.5041508248213565	0.05682113423754907	0.07115774171740834	CCPE139-CCPE488-cond1
0.3308830430129861	0.3308830430129861	0.019559960664958655	0.01924946538360023	CCPE13-CCPE136-cond1
0.4547080232928449	0.4547080232928449	0.04142761324995806	0.05773027565146336	CCPE140-CCPE161-cond1
0.5007521641063646	0.5007521641063646	0.03976245295331095	0.07946169997433278	CCPE140-CCPE488-cond1
0.3673377592710643	0.3673377592710643	0.014981693722843161	0.035255863220842745	CCPE142-CCPE158-cond1
0.5346793776799593	0.5346793776799593	0.04639384821243733	0.04413508353930258	CCPE142-CCPE492-cond1
0.4017084139092028	0.4017084139092028	0.02493428777457038	0.03287424484810253	CCPE144-CCPE15-cond1
0.6126465049865233	0.6126465049865233	0.06349556312351122	0.06131078277624994	CCPE144-CCPE192-cond1
0.542308501094163	0.542308501094163	0.04193120539481817	0.04203346523476177	CCPE144-CCPE200-cond1
0.5350743048873303	0.5350743048873303	0.1752229506083937	0.2048705258200069	CCPE145-CCPE179-cond1
0.4443213668953995	0.4443213668953995	0.07074108121030548	0.12431555867626698	CCPE145-CCPE274-cond1
0.5529576417207102	0.5529576417207102	0.07114273713496108	0.1269591790297564	CCPE146-CCPE75-cond1
0.4735248401359471	0.4735248401359471	0.12132029804865598	0.1104245368114726	CCPE147-CCPE166-cond1
0.4632399929430524	0.4632399929430524	0.061113233135214086	0.09352659035684227	CCPE147-CCPE180-cond1
0.34152652748625184	0.34152652748625184	0.01911448499748386	0.026436079202188954	CCPE147-CCPE320-cond1
0.1965968126610049	0.1965968126610049	0.04285714285714286	0.06672006408545296	CCPE147-CCPE471-cond1
0.5323718397955147	0.5323718397955147	0.04635047106049295	0.08078780603326216	CCPE148-CCPE107-cond1
0.5883233509211184	0.5883233509211184	0.05068572808464703	0.05007133291724952	CCPE149-CCPE251-cond1
0.4871570750083541	0.4871570750083541	0.15085960589122313	0.16613051122844172	CCPE149-CCPE475-cond1
0.49639307467206006	0.49639307467206006	0.04560836838304945	0.05816067269023052	CCPE149-CCPE99-cond1
0.4514421472048777	0.4514421472048777	0.027649541239886794	0.051078221742296655	CCPE150-CCPE201-cond1
0.4032841484715482	0.4032841484715482	0.01167093767405308	0.04656201971797188	CCPE152-CCPE133-cond1
0.56952394828008	0.56952394828008	0.05323501780029569	0.06713941208624123	CCPE153-CCPE35-cond1
0.48514988926919805	0.48514988926919805	0.006014391614538973	0.035349816082013465	CCPE153-CCPE414-cond1
0.37158467778221793	0.37158467778221793	0.056613851707229775	0.14948948938977794	CCPE154-CCPE216-cond1
0.4583632037497595	0.4583632037497595	0.1519869175291844	0.15261310175718504	CCPE154-CCPE2-cond1
0.512120655090371	0.512120655090371	0.06519428778187601	0.08692508354470377	CCPE154-CCPE407-cond1
0.46788394258758575	0.46788394258758575	0.054584805879417504	0.051070063073473455	CCPE156-CCPE200-cond1
0.4736466653461207	0.4736466653461207	0.03151169670308046	0.06575652328442179	CCPE156-CCPE80-cond1
0.5488360090774254	0.5488360090774254	0.03754943351286697	0.06422839308458257	CCPE157-CCPE139-cond1
0.6190515692284152	0.6190515692284152	0.09034315382934507	0.10085357933316275	CCPE157-CCPE405-cond1
0.38177889982418495	0.38177889982418495	0.02405858179321528	0.02192469376669465	CCPE158-CCPE142-cond1
0.3904484159187277	0.3904484159187277	0.03545798336060946	0.050457594895144835	CCPE15-CCPE144-cond1
0.39238707711238263	0.39238707711238263	0.004296636362883706	0.022943586070604996	CCPE160-CCPE29-cond1
0.4494848159436228	0.4494848159436228	0.023545712017277252	0.020595585809221998	CCPE160-CCPE70-cond1
0.441261304060914	0.441261304060914	0.08493968540013691	0.10619469026548671	CCPE161-CCPE140-cond1
0.4195065898492602	0.4195065898492602	0.04142761324995807	0.037736595406997066	CCPE162-CCPE352-cond1
0.24175824175824176	0.24175824175824176	0.048780487804878044	0.09412416106700233	CCPE163-CCPE125-cond1
0.19883898842993056	0.19883898842993056	0.0	0.0	CCPE164-CCPE207-cond1
0.4804937379167435	0.4804937379167435	0.1157343495325427	0.10637437671446247	CCPE164-CCPE252-cond1
0.4025481492982836	0.4025481492982836	0.046694317890043815	0.052164053095730106	CCPE164-CCPE305-cond1
0.4644184676725756	0.4644184676725756	0.04050575956384017	0.055577001437672836	CCPE165-CCPE128-cond1
0.4871149436881396	0.4871149436881396	0.03587150269897196	0.06845986232735528	CCPE165-CCPE168-cond1
0.3523241817564639	0.3523241817564639	0.07821351103463227	0.10158699444643728	CCPE165-CCPE63-cond1
0.3314772818734689	0.3314772818734689	0.022524579279982866	0.09733285267845751	CCPE166-CCPE135-cond1
0.3645172718051506	0.3645172718051506	0.04808007191502001	0.07394031137528516	CCPE166-CCPE147-cond1
0.42049795816214475	0.42049795816214475	0.008628066676783496	0.03539195152699267	CCPE166-CCPE470-cond1
0.46443780997981093	0.46443780997981093	0.04669985481475517	0.05127726511124438	CCPE168-CCPE165-cond1
0.566867482215649	0.566867482215649	0.03230642588238746	0.0467127678123239	CCPE168-CCPE334-cond1
0.2102028174429169	0.2102028174429169	0.07490594889215628	0.07116599948854883	CCPE169-CCPE53-cond1
0.5143111789401943	0.5143111789401943	0.04504055475714188	0.07241227623390444	CCPE171-CCPE455-cond1
0.5866535823777895	0.5866535823777895	0.03363713436617576	0.04547192957708788	CCPE171-CCPE65-cond1
0.5537765319092596	0.5537765319092596	0.02123428228733284	0.03003418333638782	CCPE175-CCPE449-cond1
0.32491077284275816	0.32491077284275816	0.04472695076831482	0.0645049428806296	CCPE176-CCPE209-cond1
0.43085020812399616	0.43085020812399616	0.07116693528609241	0.09182886083655663	CCPE176-CCPE399-cond1
0.578014396359024	0.578014396359024	0.06900655593423542	0.07637626158259733	CCPE179-CCPE145-cond1
0.4294438618303762	0.4294438618303762	0.014098147537004828	0.027852424952911653	CCPE17-CCPE347-cond1
0.4522134909753559	0.4522134909753559	0.014062555790279513	0.018926408936295352	CCPE180-CCPE147-cond1
0.4659616655842009	0.4659616655842009	0.008113740489243782	0.01512290036648289	CCPE180-CCPE402-cond1
0.45046301832827573	0.45046301832827573	0.04194430139390739	0.03962144258751637	CCPE181-CCPE485-cond1
0.4053688308329941	0.4053688308329941	0.01226324782271975	0.01222744264316894	CCPE181-CCPE65-cond1
0.42549349001917064	0.42549349001917064	0.0	0.00423440009427062	CCPE182-CCPE303-cond1
0.49640783512085584	0.49640783512085584	0.008013345319170003	0.00724466513640519	CCPE182-CCPE409-cond1
0.4928950514446611	0.4928950514446611	0.09173255366707496	0.0918663649675205	CCPE183-CCPE401-cond1
0.2680405101132951	0.2680405101132951	0.0	0.012939090266429839	CCPE184-CCPE253-cond1
0.556691438313752	0.556691438313752	0.08334619639327462	0.08510879102521121	CCPE187-CCPE490-cond1
0.38991211161458983	0.38991211161458983	0.00825938722410378	0.02285685261323819	CCPE190-CCPE273-cond1
0.48237870076329087	0.48237870076329087	0.011657102052599089	0.015920553008951926	CCPE190-CCPE46-cond1
0.45311508825906477	0.45311508825906477	0.0	0.0	CCPE192-CCPE144-cond1
0.390458483010001	0.390458483010001	0.0	0.0	CCPE192-CCPE392-cond1
0.33633639699815626	0.33633639699815626	0.07529337915865365	0.09711232450841949	CCPE193-CCPE352-cond1
0.43406815057706305	0.43406815057706305	0.038738716878730886	0.036420535640756535	CCPE194-CCPE416-cond1
0.3987167640388132	0.3987167640388132	0.060192926542884606	0.07639550435531156	CCPE195-CCPE230-cond1
0.4772737734863755	0.4772737734863755	0.03928371006591931	0.03756714418984554	CCPE196-CCPE312-cond1
0.48419703650585866	0.48419703650585866	0.03676782982660742	0.04891745052413593	CCPE198-CCPE357-cond1
0.5811380025941248	0.5811380025941248	0.07749842582921283	0.10263775359333065	CCPE198-CCPE407-cond1
0.38994601210475255	0.38994601210475255	0.022415665596054905	0.02157003845536846	CCPE19-CCPE313-cond1
0.3553607243077196	0.3553607243077196	0.0	0.0	CCPE19-CCPE418-cond1
0.4800793585191832	0.4800793585191832	0.0	0.009775306506486012	CCPE200-CCPE144-cond1
0.5637710863797804	0.5637710863797804	0.024406583343411323	0.03324214510505395	CCPE200-CCPE156-cond1
0.4161532417262311	0.4161532417262311	0.0	0.0	CCPE200-CCPE320-cond1
0.6217637020410786	0.6217637020410786	0.02177485517005091	0.03931548092307323	CCPE200-CCPE466-cond1
0.3540119130155299	0.3540119130155299	0.011465319341501828	0.015337896373510448	CCPE201-CCPE150-cond1
0.2974983105082191	0.2974983105082191	0.0	0.0	CCPE201-CCPE383-cond1
0.16335256570088705	0.16335256570088705	0.0	0.008811684285757156	CCPE203-CCPE468-cond1
0.599427796624643	0.599427796624643	0.04249206534762533	0.07092993656151907	CCPE206-CCPE92-cond1
0.558999767083479	0.558999767083479	0.06726305234213503	0.0846809798439941	CCPE207-CCPE164-cond1
0.5358263758162273	0.5358263758162273	0.04734547520530278	0.06227991553292183	CCPE207-CCPE430-cond1
0.5683002467206903	0.5683002467206903	0.04764985169781047	0.04665009327753789	CCPE208-CCPE40-cond1
0.4974875673367965	0.4974875673367965	0.0366197197627344	0.03461160877674434	CCPE208-CCPE442-cond1
0.40181710747357996	0.40181710747357996	0.03253000243161778	0.030934411244487297	CCPE209-CCPE176-cond1
0.25982792098465235	0.25982792098465235	0.06717236291465045	0.07388983258666594	CCPE209-CCPE493-cond1
0.47292273573861365	0.47292273573861365	0.0	0.0	CCPE20-CCPE481-cond1
0.4109974682633932	0.4109974682633932	0.0	0.0	CCPE210-CCPE10-cond1
0.5190539029890999	0.5190539029890999	0.03129181188278553	0.041499849770815736	CCPE213-CCPE246-cond1
0.5292570892034831	0.5292570892034831	0.02195902608608865	0.04177813103084829	CCPE216-CCPE154-cond1
0.4443468743615416	0.4443468743615416	0.06584578895991615	0.16190002687210261	CCPE217-CCPE277-cond1
0.4294346711409271	0.4294346711409271	0.07793259407691133	0.10653181172591958	CCPE217-CCPE432-cond1
0.6598052687966366	0.6598052687966366	0.06766101595481236	0.0692625728258011	CCPE219-CCPE306-cond1
0.5897063957886014	0.5897063957886014	0.036875401432877	0.03639729742575574	CCPE219-CCPE331-cond1
0.5893829511662462	0.5893829511662462	0.06598616541115415	0.06151569006450731	CCPE219-CCPE462-cond1
0.3392033463307857	0.3392033463307857	0.0	0.012741179785940639	CCPE21-CCPE253-cond1
0.35897907930886913	0.35897907930886913	0.029118838065068316	0.04328999821969886	CCPE21-CCPE385-cond1
0.40322529108341004	0.40322529108341004	0.0	0.013850867221288875	CCPE220-CCPE496-cond1
0.3564367354832904	0.3564367354832904	0.08056594945107609	0.07921180343813394	CCPE221-CCPE84-cond1
0.4230237673381732	0.4230237673381732	0.1110359878939849	0.12426827522001133	CCPE223-CCPE315-cond1
0.5375522624670694	0.5375522624670694	0.0663431115542844	0.12198750911856665	CCPE230-CCPE195-cond1
0.44811071494822086	0.44811071494822086	0.031123928355335985	0.03838778664207323	CCPE230-CCPE259-cond1
0.3341766132011226	0.3341766132011226	0.032539568672798426	0.05139639267546623	CCPE231-CCPE253-cond1
0.544623391218161	0.544623391218161	0.0643489452087787	0.08229511997978235	CCPE236-CCPE92-cond1
0.5732292295795646	0.5732292295795646	0.053097345132743355	0.061938010426150054	CCPE239-CCPE333-cond1
0.5322469876909608	0.5322469876909608	0.08782230157913982	0.09257051124902634	CCPE240-CCPE27-cond1
0.3196046133014	0.3196046133014	0.01059938334581489	0.010285257546459188	CCPE242-CCPE271-cond1
0.429296321895769	0.429296321895769	0.02785007551836716	0.026577703472660145	CCPE242-CCPE301-cond1
0.5066455168101212	0.5066455168101212	0.04284694241837952	0.05569000121839282	CCPE243-CCPE69-cond1
0.4347909956249591	0.4347909956249591	0.03558841556269226	0.045519249466594594	CCPE244-CCPE134-cond1
0.6371398921792883	0.6371398921792883	0.05555555555555555	0.06324555320336758	CCPE246-CCPE213-cond1
0.6021130920235717	0.6021130920235717	0.06751942149457868	0.06379189088469234	CCPE249-CCPE330-cond1
0.41240174410178804	0.41240174410178804	0.06305731904482001	0.06174932138096508	CCPE249-CCPE371-cond1
0.3343215065129373	0.3343215065129373	0.04092642562583737	0.04080796973158666	CCPE249-CCPE42-cond1
0.45004662844587234	0.45004662844587234	0.012637321306578228	0.01547658049378465	CCPE251-CCPE112-cond1
0.5347497358871289	0.5347497358871289	0.0531829342686985	0.049842687690364734	CCPE251-CCPE149-cond1
0.5128205128205128	0.5128205128205128	0.062155821165240946	0.09600368491021516	CCPE252-CCPE164-cond1
0.28049194304075015	0.28049194304075015	0.0852298695786048	0.1367087323941193	CCPE253-CCPE184-cond1
0.3452430572098564	0.3452430572098564	0.02074349534112556	0.036341617810988616	CCPE253-CCPE21-cond1
0.3877240386917279	0.3877240386917279	0.0303782866100057	0.0457856647470264	CCPE253-CCPE231-cond1
0.38501471604299087	0.38501471604299087	0.01064371988933322	0.010103071952450441	CCPE256-CCPE295-cond1
0.4833682445228318	0.4833682445228318	0.021339479988815996	0.021339479988815996	CCPE257-CCPE298-cond1
0.3847030222284975	0.3847030222284975	0.008893193797450552	0.01762542150047131	CCPE257-CCPE320-cond1
0.49270368802988557	0.49270368802988557	0.03299817896324632	0.04888237167378443	CCPE259-CCPE230-cond1
0.5820067633216413	0.5820067633216413	0.03608879746405112	0.050970235701568806	CCPE25-CCPE451-cond1
0.5335709239369508	0.5335709239369508	0.027735009811261452	0.02635638149144587	CCPE260-CCPE425-cond1
0.35295813949544463	0.35295813949544463	0.0	0.027394690053949688	CCPE260-CCPE468-cond1
0.435285750066007	0.435285750066007	0.06454972243679027	0.06454972243679027	CCPE262-CCPE51-cond1
0.44755248541798087	0.44755248541798087	0.011049892402196598	0.010585122480499264	CCPE262-CCPE76-cond1
0.5497603650137136	0.5497603650137136	0.022033820941745712	0.08920269428746817	CCPE264-CCPE35-cond1
0.42527663356192463	0.42527663356192463	0.022064789082034394	0.053960325686514675	CCPE264-CCPE468-cond1
0.5401024911078073	0.5401024911078073	0.0897991404820634	0.09556083232506375	CCPE267-CCPE396-cond1
0.48302795811009563	0.48302795811009563	0.019567448448050407	0.02185094306335153	CCPE270-CCPE325-cond1
0.47991602204357064	0.47991602204357064	0.0547765353345174	0.049684649294629776	CCPE270-CCPE482-cond1
0.43576249704187564	0.43576249704187564	0.008147332338154855	0.007691170029402364	CCPE271-CCPE242-cond1
0.5735688227971563	0.5735688227971563	0.0307632438848882	0.04156417100775902	CCPE271-CCPE348-cond1
0.4241825444836865	0.4241825444836865	0.037523938719322816	0.042790244429192624	CCPE273-CCPE190-cond1
0.41882378130707887	0.41882378130707887	0.01694077317947346	0.029044198561045297	CCPE273-CCPE47-cond1
0.48761135190689997	0.48761135190689997	0.0634255141335958	0.08043959698756821	CCPE274-CCPE145-cond1
0.5578796239304209	0.5578796239304209	0.052497235765204445	0.06352293733949571	CCPE275-CCPE487-cond1
0.4082482904638631	0.4082482904638631	0.024257129990966502	0.03625261833921238	CCPE277-CCPE217-cond1
0.44502081918063524	0.44502081918063524	0.022793299390184974	0.030492478930832248	CCPE278-CCPE315-cond1
0.5143428819267732	0.5143428819267732	0.027886436725427278	0.06401843996644799	CCPE279-CCPE447-cond1
0.6047981877824522	0.6047981877824522	0.09059841588376996	0.1388309605782003	CCPE279-CCPE454-cond1
0.5301024227501899	0.5301024227501899	0.09956288286669088	0.12565617248750865	CCPE27-CCPE139-cond1
0.5013430855414317	0.5013430855414317	0.0505673642410705	0.05673665146135802	CCPE27-CCPE240-cond1
0.4816581538708825	0.4816581538708825	0.0	0.007209559870164947	CCPE282-CCPE297-cond1
0.4420250781743832	0.4420250781743832	0.0	0.0	CCPE282-CCPE361-cond1
0.4695301415158425	0.4695301415158425	0.11418121669807418	0.1608674834614877	CCPE282-CCPE77-cond1
0.44843958260185574	0.44843958260185574	0.016061623525642534	0.01560152902477031	CCPE284-CCPE315-cond1
0.6250038097484624	0.6250038097484624	0.058580291870011396	0.05812557270351506	CCPE286-CCPE113-cond1
0.6007385791109932	0.6007385791109932	0.04298508228738447	0.0748677820957469	CCPE292-CCPE416-cond1
0.5743909966578354	0.5743909966578354	0.10479860126349122	0.14665684963685216	CCPE293-CCPE46-cond1
0.567191460613535	0.567191460613535	0.03377544671920165	0.060454977962715935	CCPE293-CCPE470-cond1
0.5370366918641671	0.5370366918641671	0.07737374380627235	0.0884740755928645	CCPE293-CCPE80-cond1
0.572338098360861	0.572338098360861	0.011973686801784992	0.011178593368721209	CCPE295-CCPE256-cond1
0.597758010481081	0.597758010481081	0.10308745726114665	0.14057543515239102	CCPE297-CCPE282-cond1
0.6186372792914946	0.6186372792914946	0.04245622334275298	0.040066512194830116	CCPE297-CCPE324-cond1
0.6267884779094344	0.6267884779094344	0.04761438251517955	0.04565294103464984	CCPE297-CCPE424-cond1
0.6348568248186419	0.6348568248186419	0.05778348228332772	0.06234955920912294	CCPE297-CCPE78-cond1
0.5544516058286295	0.5544516058286295	0.052182901420860586	0.05915517591200038	CCPE298-CCPE257-cond1
0.45826289120325797	0.45826289120325797	0.03488961813260259	0.03878198181087667	CCPE298-CCPE487-cond1
0.3993546224866009	0.3993546224866009	0.04801075561402126	0.05850805181048253	CCPE299-CCPE60-cond1
0.5448841348865786	0.5448841348865786	0.045006706498939744	0.04428074427700476	CCPE29-CCPE160-cond1
0.5569960837819659	0.5569960837819659	0.07457301022087236	0.09814954576223636	CCPE29-CCPE66-cond1
0.47463126151171575	0.47463126151171575	0.09264357495990147	0.11653865072481391	CCPE2-CCPE154-cond1
0.2976651844082834	0.2976651844082834	0.029335732442442874	0.04342584582836415	CCPE301-CCPE242-cond1
0.5343521314243836	0.5343521314243836	0.045554586289804605	0.044991002699100315	CCPE302-CCPE344-cond1
0.36367619108204313	0.36367619108204313	0.006080403791133919	0.006118525818452937	CCPE303-CCPE182-cond1
0.46988783867696426	0.46988783867696426	0.12644896377474535	0.13181762600207414	CCPE305-CCPE164-cond1
0.4783759373285471	0.4783759373285471	0.02676898889270934	0.034066588086494105	CCPE305-CCPE47-cond1
0.4885217532100139	0.4885217532100139	0.06195144395171531	0.07430568036573909	CCPE306-CCPE219-cond1
0.4727128754462451	0.4727128754462451	0.07620929562418065	0.08691308517829655	CCPE307-CCPE111-cond1
0.4932425285491804	0.4932425285491804	0.0784917508278223	0.10186932065428746	CCPE307-CCPE118-cond1
0.36700053102768315	0.36700053102768315	0.010776387646912362	0.020122109265774693	CCPE30-CCPE320-cond1
0.47335411765166263	0.47335411765166263	0.02253087898064582	0.0255423235745034	CCPE310-CCPE330-cond1
0.4513829377300711	0.4513829377300711	0.03184245119886886	0.033782540523959126	CCPE310-CCPE349-cond1
0.5735743211300889	0.5735743211300889	0.08121407494746041	0.08926327091704918	CCPE310-CCPE36-cond1
0.45387999548876135	0.45387999548876135	0.013793431476706135	0.018570956934066837	CCPE311-CCPE395-cond1
0.4707493575049378	0.4707493575049378	0.05811155049169446	0.062318930068955516	CCPE312-CCPE196-cond1
0.43329429245165674	0.43329429245165674	0.05987198113737985	0.07738232325341368	CCPE312-CCPE393-cond1
0.38671936450917377	0.38671936450917377	0.039477101697586135	0.06825061157898478	CCPE312-CCPE84-cond1
0.4913538149119953	0.4913538149119953	0.018229084250926637	0.03426166963240027	CCPE313-CCPE19-cond1
0.6742142279762565	0.6742142279762565	0.07401764317175508	0.09530665918910616	CCPE313-CCPE35-cond1
0.4654548354348893	0.4654548354348893	0.0	0.015198691752918438	CCPE315-CCPE223-cond1
0.5166070956068274	0.5166070956068274	0.06188422143604215	0.0805716197153229	CCPE315-CCPE278-cond1
0.20223891520161774	0.20223891520161774	0.016939422832878557	0.03156561567849243	CCPE315-CCPE284-cond1
0.49465225266224133	0.49465225266224133	0.015052493021595293	0.014431501983693968	CCPE318-CCPE408-cond1
0.5690601183785812	0.5690601183785812	0.06519397990076169	0.11417259632006951	CCPE319-CCPE499-cond1
0.587177330114689	0.587177330114689	0.07578647467450736	0.12006755700657118	CCPE319-CCPE8-cond1
0.5417645666648812	0.5417645666648812	0.02386641642064697	0.02643659241947872	CCPE31-CCPE406-cond1
0.3613162749578969	0.3613162749578969	0.024447743788157426	0.02636690893710127	CCPE320-CCPE147-cond1
0.5288600381014721	0.5288600381014721	0.04355277771906663	0.045275991882984284	CCPE320-CCPE200-cond1
0.40126211575870974	0.40126211575870974	0.014874629477594513	0.014474341785588703	CCPE320-CCPE257-cond1
0.4885791194018396	0.4885791194018396	0.037978189869417686	0.04138040377726253	CCPE320-CCPE30-cond1
0.4778669222545948	0.4778669222545948	0.05397087250954446	0.11278667329323781	CCPE321-CCPE355-cond1
0.48516713176903054	0.48516713176903054	0.025458491943571682	0.06355213736631392	CCPE321-CCPE364-cond1
0.3799810014248813	0.3799810014248813	0.02105794696709672	0.044949437387925235	CCPE323-CCPE99-cond1
0.4571980974746594	0.4571980974746594	0.0	0.0	CCPE324-CCPE126-cond1
0.5904756993959638	0.5904756993959638	0.08761318309612805	0.0839787762064502	CCPE324-CCPE297-cond1
0.5065651553435714	0.5065651553435714	0.01639344262295082	0.03591444084196967	CCPE325-CCPE270-cond1
0.5738190417570045	0.5738190417570045	0.053258167433372805	0.08152294310528557	CCPE325-CCPE447-cond1
0.3183844629977923	0.3183844629977923	0.01722283021480741	0.031241420465649816	CCPE327-CCPE428-cond1
0.36844835451408126	0.36844835451408126	0.04862166383263152	0.05555555555555555	CCPE328-CCPE366-cond1
0.6764360729331458	0.6764360729331458	0.05428700123622618	0.0577276360497997	CCPE329-CCPE355-cond1
0.5622001236498815	0.5622001236498815	0.005797710356524485	0.01149919149152138	CCPE329-CCPE411-cond1
0.46332528220935976	0.46332528220935976	0.04794326873486811	0.05092559179064361	CCPE32-CCPE69-cond1
0.43783873532280904	0.43783873532280904	0.06851887098275317	0.10394625899142851	CCPE330-CCPE249-cond1
0.36409536910528084	0.36409536910528084	0.0	0.040048086573163666	CCPE330-CCPE310-cond1
0.3663902957286946	0.3663902957286946	0.0	0.031049533099324796	CCPE330-CCPE470-cond1
0.5733038660028443	0.5733038660028443	0.10358647947564745	0.14847046258724178	CCPE331-CCPE219-cond1
0.30879033974997094	0.30879033974997094	0.04556943771292084	0.042695975653651526	CCPE333-CCPE239-cond1
0.424310145888883	0.424310145888883	0.0166139344493193	0.04235829126393217	CCPE334-CCPE168-cond1
0.49432652862794385	0.49432652862794385	0.022635791979461757	0.04568919552600074	CCPE335-CCPE37-cond1
0.45085004798243705	0.45085004798243705	0.03688555567816588	0.06459178807985831	CCPE339-CCPE342-cond1
0.4967637200404103	0.4967637200404103	0.005983627261309936	0.0055451254680622415	CCPE340-CCPE469-cond1
0.38174602492784304	0.38174602492784304	0.025	0.023717082451262844	CCPE342-CCPE339-cond1
0.4839461988255143	0.4839461988255143	0.023577595189658018	0.037788736100740274	CCPE344-CCPE302-cond1
0.49503214383672184	0.49503214383672184	0.07374961314478495	0.0650747627186739	CCPE344-CCPE491-cond1
0.5044584424757548	0.5044584424757548	0.03951303898467998	0.059688315435924136	CCPE345-CCPE95-cond1
0.4228253985531316	0.4228253985531316	0.029300451933655963	0.033180075816559865	CCPE347-CCPE17-cond1
0.5269353009268317	0.5269353009268317	0.031816814513383855	0.05932268529496809	CCPE347-CCPE370-cond1
0.39621442587516364	0.39621442587516364	0.01059938334581489	0.029998500112490625	CCPE348-CCPE271-cond1
0.40250784597521405	0.40250784597521405	0.0	0.027567201584687395	CCPE349-CCPE310-cond1
0.4145660811670931	0.4145660811670931	0.057752709026544405	0.09734346372465433	CCPE34-CCPE57-cond1
0.5556333498605505	0.5556333498605505	0.019724786725355554	0.018924431860121986	CCPE350-CCPE362-cond1
0.40970372570571384	0.40970372570571384	0.0	0.0	CCPE352-CCPE162-cond1
0.4904462143051061	0.4904462143051061	0.07032108464077431	0.06518659206234477	CCPE352-CCPE193-cond1
0.575413686426995	0.575413686426995	0.09638714233905593	0.1556500536567665	CCPE353-CCPE454-cond1
0.6263904610519273	0.6263904610519273	0.11947545944002907	0.1499750211129336	CCPE353-CCPE494-cond1
0.48610847979123095	0.48610847979123095	0.011668206323248921	0.010942202738310213	CCPE353-CCPE7-cond1
0.4992127219175759	0.4992127219175759	0.03834373867961195	0.06696453710623208	CCPE353-CCPE82-cond1
0.42164666603251166	0.42164666603251166	0.021922827718532892	0.04148978026749659	CCPE355-CCPE321-cond1
0.6296571254519726	0.6296571254519726	0.039414089523823644	0.03787878787878789	CCPE355-CCPE329-cond1
0.6256572705707644	0.6256572705707644	0.009211212079057927	0.025829457212574555	CCPE355-CCPE420-cond1
0.4116840628609421	0.4116840628609421	0.0685736229624742	0.06543079135938917	CCPE356-CCPE369-cond1
0.3813850356982369	0.3813850356982369	0.0	0.0	CCPE357-CCPE198-cond1
0.5237961805676264	0.5237961805676264	0.025974025974025976	0.025761989561926636	CCPE35-CCPE153-cond1
0.376696764637935	0.376696764637935	0.0	0.0	CCPE35-CCPE264-cond1
0.5690549223393102	0.5690549223393102	0.032230392340169535	0.029113169407747604	CCPE35-CCPE313-cond1
0.49388383135717484	0.49388383135717484	0.0	0.0	CCPE360-CCPE41-cond1
0.5482510674623435	0.5482510674623435	0.03979675956138828	0.03798959987113806	CCPE360-CCPE499-cond1
0.5747688105152071	0.5747688105152071	0.10205393726282892	0.1485097230642207	CCPE361-CCPE282-cond1
0.3568304795806804	0.3568304795806804	0.008289412188366563	0.008119354887670824	CCPE362-CCPE350-cond1
0.5822566327681403	0.5822566327681403	0.0972831155953291	0.1562542664631747	CCPE364-CCPE321-cond1
0.39046544926537186	0.39046544926537186	0.009647549158488413	0.017924428597928834	CCPE364-CCPE481-cond1
0.533939506824364	0.533939506824364	0.007860685475765761	0.006231860284405268	CCPE366-CCPE328-cond1
0.5235730829188459	0.5235730829188459	0.018919350793616084	0.01807384697476244	CCPE368-CCPE377-cond1
0.5440874660512103	0.5440874660512103	0.009589266029707682	0.018191593151460607	CCPE368-CCPE395-cond1
0.471467877356171	0.471467877356171	0.0	0.008680241605735182	CCPE368-CCPE455-cond1
0.3226063090879804	0.3226063090879804	0.04879035716799438	0.06864993051879689	CCPE369-CCPE356-cond1
0.5682527391401881	0.5682527391401881	0.028237717389069564	0.0463647335215179	CCPE36-CCPE310-cond1
0.5010064911445586	0.5010064911445586	0.03077742703347344	0.08367500982327966	CCPE36-CCPE448-cond1
0.4345416745449791	0.4345416745449791	0.009670980886427658	0.02666903735313325	CCPE370-CCPE135-cond1
0.40718562874251496	0.40718562874251496	0.0075058662504080146	0.0501280411827603	CCPE370-CCPE347-cond1
0.4415578597287053	0.4415578597287053	0.05905488927252599	0.07252387838881875	CCPE371-CCPE249-cond1
0.39461416470148514	0.39461416470148514	0.014754222271266347	0.01260506983326509	CCPE371-CCPE402-cond1
0.3099689617041943	0.3099689617041943	0.05579229702648255	0.055630813917818364	CCPE374-CCPE42-cond1
0.4094197370337646	0.4094197370337646	0.051820584114975074	0.049849316723408754	CCPE377-CCPE368-cond1
0.6511519974862603	0.6511519974862603	0.1264063902790961	0.16364538015914845	CCPE37-CCPE335-cond1
0.514770699672146	0.514770699672146	0.11893774199112013	0.1465479920137308	CCPE37-CCPE441-cond1
0.5575813125955372	0.5575813125955372	0.11988466648607499	0.13738461443673014	CCPE381-CCPE455-cond1
0.5058519365339816	0.5058519365339816	0.0	0.0	CCPE383-CCPE201-cond1
0.6671079575444818	0.6671079575444818	0.034618089259262276	0.03338088861149968	CCPE385-CCPE21-cond1
0.5071525744450419	0.5071525744450419	0.05631853737370658	0.06432613807445986	CCPE387-CCPE488-cond1
0.5010643456650121	0.5010643456650121	0.014338483366910109	0.014119562368122623	CCPE389-CCPE457-cond1
0.5812912724091043	0.5812912724091043	0.009993506330642176	0.031051365957453333	CCPE38-CCPE446-cond1
0.6036350261623553	0.6036350261623553	0.05552919467361803	0.09374723104186605	CCPE38-CCPE494-cond1
0.5868110747172561	0.5868110747172561	0.021997067253203	0.03529890592030657	CCPE38-CCPE498-cond1
0.5245669647625277	0.5245669647625277	0.021412190813542595	0.04186907078536702	CCPE392-CCPE192-cond1
0.47265014745490197	0.47265014745490197	0.025853844443467153	0.07560639694983236	CCPE393-CCPE312-cond1
0.5506792344645433	0.5506792344645433	0.04690842219410602	0.06799456065271298	CCPE394-CCPE139-cond1
0.4986824746532765	0.4986824746532765	0.058062552548334895	0.09726050356518685	CCPE395-CCPE311-cond1
0.5094919554669151	0.5094919554669151	0.03291011904653745	0.030309215857351315	CCPE395-CCPE368-cond1
0.26202278885350355	0.26202278885350355	0.0634958317141787	0.072727518055796	CCPE396-CCPE267-cond1
0.4430927715923835	0.4430927715923835	0.03223291856101521	0.03149183286488868	CCPE399-CCPE176-cond1
0.4689903439555793	0.4689903439555793	0.004773283284129395	0.008786647412214401	CCPE399-CCPE486-cond1
0.4684793838095036	0.4684793838095036	0.025087260300212726	0.027254897213327172	CCPE401-CCPE183-cond1
0.5779956739896671	0.5779956739896671	0.07046642634176442	0.09655974168372455	CCPE402-CCPE180-cond1
0.4962445519595802	0.4962445519595802	0.03741657386773941	0.047167634680691024	CCPE402-CCPE371-cond1
0.346902102785524	0.346902102785524	0.02328968988397778	0.043213581570144294	CCPE403-CCPE415-cond1
0.4240638496971388	0.4240638496971388	0.0063997460631142235	0.006234918049087485	CCPE405-CCPE157-cond1
0.26417445587510124	0.26417445587510124	0.06452821661495842	0.06369555958062435	CCPE406-CCPE31-cond1
0.5018316205356715	0.5018316205356715	0.04272458349137274	0.046373889576016826	CCPE406-CCPE445-cond1
0.2975106213774598	0.2975106213774598	0.0329858345948232	0.05705784463777665	CCPE407-CCPE125-cond1
0.5720082563858698	0.5720082563858698	0.02962159544576109	0.03144343164064934	CCPE407-CCPE154-cond1
0.5062322556863922	0.5062322556863922	0.07998523485791356	0.0915018021743355	CCPE407-CCPE198-cond1
0.4385290096535146	0.4385290096535146	0.043319888204508765	0.05239697095578649	CCPE408-CCPE318-cond1
0.36993433784399216	0.36993433784399216	0.057682309083150224	0.08017280521111436	CCPE409-CCPE182-cond1
0.6729789165809245	0.6729789165809245	0.05263306670276983	0.05036101551853349	CCPE40-CCPE208-cond1
0.4913892699623653	0.4913892699623653	0.12196991572332899	0.11348408938668608	CCPE411-CCPE329-cond1
0.49042278803153017	0.49042278803153017	0.0375062271366834	0.034388330580565486	CCPE414-CCPE153-cond1
0.5011856786864702	0.5011856786864702	0.012554059619245156	0.011046520962788695	CCPE414-CCPE482-cond1
0.5183960757134805	0.5183960757134805	0.04832102109504213	0.04429638105376559	CCPE415-CCPE403-cond1
0.45349851976695466	0.45349851976695466	0.007331961570181371	0.014287172234821077	CCPE416-CCPE194-cond1
0.5604671057460702	0.5604671057460702	0.05417952328730775	0.05001389467860641	CCPE416-CCPE292-cond1
0.5986148623838805	0.5986148623838805	0.004874280715862616	0.012847288309266219	CCPE418-CCPE114-cond1
0.4430488205163846	0.4430488205163846	0.02997938127608482	0.03858521307396206	CCPE418-CCPE19-cond1
0.5635546581011144	0.5635546581011144	0.03420021592160732	0.038853487185572896	CCPE418-CCPE431-cond1
0.3168672565911397	0.3168672565911397	0.029300451933655963	0.03443048616036665	CCPE41-CCPE360-cond1
0.240163366652884	0.240163366652884	0.0	0.0	CCPE41-CCPE468-cond1
0.4763008447174818	0.4763008447174818	0.06056191390072008	0.06991741188605892	CCPE420-CCPE355-cond1
0.5424193797980357	0.5424193797980357	0.08020129050261432	0.08768711925886871	CCPE420-CCPE50-cond1
0.4378168224037492	0.4378168224037492	0.009694584179118514	0.03662487710657558	CCPE424-CCPE297-cond1
0.3510651562787963	0.3510651562787963	0.029867384554474945	0.03396413108080094	CCPE424-CCPE99-cond1
0.49075360498943793	0.49075360498943793	0.02564945880212885	0.024743582965269677	CCPE425-CCPE260-cond1
0.5138146169707535	0.5138146169707535	0.033038396409108814	0.03722331607598761	CCPE426-CCPE492-cond1
0.4271138833880153	0.4271138833880153	0.05183086779759358	0.05531422454506551	CCPE428-CCPE327-cond1
0.36866402941975934	0.36866402941975934	0.0	0.0	CCPE428-CCPE471-cond1
0.45215587563260135	0.45215587563260135	0.04879263282879458	0.048514259981933004	CCPE429-CCPE444-cond1
0.3333974297349129	0.3333974297349129	0.0	0.0	CCPE42-CCPE10-cond1
0.25853055191310287	0.25853055191310287	0.015861031714362882	0.015161960871578065	CCPE42-CCPE133-cond1
0.2085518863215622	0.2085518863215622	0.02917299829957891	0.027472112789737803	CCPE42-CCPE249-cond1
0.24577601961317297	0.24577601961317297	0.014433756729740645	0.014285714285714285	CCPE42-CCPE374-cond1
0.18744368523675353	0.18744368523675353	0.012649110640673516	0.012649110640673516	CCPE42-CCPE501-cond1
0.4635630597691253	0.4635630597691253	0.038906905516628114	0.044513190725972575	CCPE430-CCPE102-cond1
0.1664375714839207	0.1664375714839207	0.0	0.0	CCPE430-CCPE207-cond1
0.5364985441086377	0.5364985441086377	0.031943828249996996	0.04191842229281996	CCPE431-CCPE418-cond1
0.522147473816896	0.522147473816896	0.056365093490011675	0.06912351628245877	CCPE432-CCPE217-cond1
0.47270254203500006	0.47270254203500006	0.08034838503418788	0.07920863388834823	CCPE433-CCPE111-cond1
0.5656889071939183	0.5656889071939183	0.05212860351426869	0.051389153237064875	CCPE433-CCPE131-cond1
0.2114126992765658	0.2114126992765658	0.009954314986028029	0.009009374626955589	CCPE435-CCPE121-cond1
0.3930057603814024	0.3930057603814024	0.04886019406213152	0.11102889792108188	CCPE436-CCPE499-cond1
0.36228686707663316	0.36228686707663316	0.0	0.031156427819733983	CCPE43-CCPE64-cond1
0.5049046673200687	0.5049046673200687	0.0	0.013826683385595064	CCPE43-CCPE65-cond1
0.5562602185416908	0.5562602185416908	0.07893370379638585	0.11398342294980547	CCPE441-CCPE37-cond1
0.33084577167301377	0.33084577167301377	0.037766785046839925	0.04799269031007557	CCPE442-CCPE133-cond1
0.3064342194072417	0.3064342194072417	0.01618173820945837	0.029414945559696433	CCPE442-CCPE208-cond1
0.24888510182613788	0.24888510182613788	0.022063446410716506	0.020925494019144817	CCPE444-CCPE429-cond1
0.3863498154419284	0.3863498154419284	0.02722215454033777	0.0397778642087865	CCPE445-CCPE406-cond1
0.3746751395719892	0.3746751395719892	0.02168157034026343	0.06221375694809297	CCPE446-CCPE38-cond1
0.3762981997681124	0.3762981997681124	0.03487429162314578	0.04415107856883479	CCPE447-CCPE279-cond1
0.5374099278130399	0.5374099278130399	0.017349447958987206	0.046760976479141216	CCPE447-CCPE325-cond1
0.5685916431234195	0.5685916431234195	0.06100888760865631	0.09007733425625468	CCPE448-CCPE36-cond1
0.4721630959352443	0.4721630959352443	0.03599273020267445	0.035592798565285334	CCPE449-CCPE175-cond1
0.46687744050835855	0.46687744050835855	0.0	0.0	CCPE449-CCPE471-cond1
0.5513567053360895	0.5513567053360895	0.029212735308960062	0.04614570993528343	CCPE450-CCPE502-cond1
0.5884007234035249	0.5884007234035249	0.0522607984568672	0.053444851683026165	CCPE451-CCPE25-cond1
0.5012804118276031	0.5012804118276031	0.018320119623443643	0.01763501133060864	CCPE451-CCPE456-cond1
0.3835709035685375	0.3835709035685375	0.06410159650938821	0.08611331845462816	CCPE452-CCPE50-cond1
0.4060208353796438	0.4060208353796438	0.07595545253127499	0.09442673704375605	CCPE452-CCPE76-cond1
0.3096006049125421	0.3096006049125421	0.009337235037831066	0.017543859649122806	CCPE454-CCPE279-cond1
0.5185222986699468	0.5185222986699468	0.0694466316365977	0.09415544714433868	CCPE454-CCPE353-cond1
0.5816548233836272	0.5816548233836272	0.09127209325817044	0.1013409502345057	CCPE454-CCPE96-cond1
0.42739803711014385	0.42739803711014385	0.009711942445801083	0.01893206114156883	CCPE455-CCPE171-cond1
0.43743591238699103	0.43743591238699103	0.04325155946309017	0.039833367058931715	CCPE455-CCPE368-cond1
0.4943646197409039	0.4943646197409039	0.046265194557299216	0.07913267865219101	CCPE455-CCPE381-cond1
0.2975337221046947	0.2975337221046947	0.0	0.0	CCPE456-CCPE451-cond1
0.3061647055511301	0.3061647055511301	0.023573909750762567	0.022650986286116687	CCPE457-CCPE389-cond1
0.6110478128258089	0.6110478128258089	0.05122159441607917	0.05071891695004306	CCPE462-CCPE219-cond1
0.4871501018514922	0.4871501018514922	0.039413832517300504	0.036875956233543276	CCPE466-CCPE200-cond1
0.49416197986711347	0.49416197986711347	0.02698793613707168	0.025628391481282983	CCPE468-CCPE203-cond1
0.3862717689030798	0.3862717689030798	0.021873931962990357	0.021622499104693414	CCPE468-CCPE260-cond1
0.4205611224947102	0.4205611224947102	0.01166542728085695	0.01118908477728919	CCPE468-CCPE264-cond1
0.41411879341001134	0.41411879341001134	0.0	0.0	CCPE468-CCPE41-cond1
0.5219088293247623	0.5219088293247623	0.03172445781778671	0.03157859746900255	CCPE469-CCPE340-cond1
0.5562727800259227	0.5562727800259227	0.039506430900515595	0.03737654899566538	CCPE469-CCPE8-cond1
0.4876157095857697	0.4876157095857697	0.030556616567607043	0.027783733434409704	CCPE46-CCPE103-cond1
0.36269048860207154	0.36269048860207154	0.05151221963699317	0.05108094442387969	CCPE46-CCPE190-cond1
0.4745135702895491	0.4745135702895491	0.028733141061374368	0.02670943600716679	CCPE46-CCPE293-cond1
0.6531006593634461	0.6531006593634461	0.04049288090304437	0.08787760582097437	CCPE470-CCPE166-cond1
0.6085967884208733	0.6085967884208733	0.03299126440988535	0.0564743576607793	CCPE470-CCPE293-cond1
0.5368894940230045	0.5368894940230045	0.021172380098583854	0.034696575154441876	CCPE470-CCPE330-cond1
0.25498210332467064	0.25498210332467064	0.0	0.00966014505009894	CCPE471-CCPE133-cond1
0.34219405926104035	0.34219405926104035	0.012297974198582045	0.012091270835166862	CCPE471-CCPE147-cond1
0.4939552303066798	0.4939552303066798	0.029454261137099442	0.027685362649941276	CCPE471-CCPE428-cond1
0.3533808834395089	0.3533808834395089	0.011357771260606365	0.034073313781819096	CCPE471-CCPE449-cond1
0.535787537700744	0.535787537700744	0.05651973052541905	0.06444019093908522	CCPE472-CCPE60-cond1
0.40871537820541287	0.40871537820541287	0.05161397740925091	0.07738643630799098	CCPE473-CCPE76-cond1
0.44657789710398593	0.44657789710398593	0.1465078747811357	0.17530268034272714	CCPE475-CCPE149-cond1
0.2875656724813712	0.2875656724813712	0.01999900007499375	0.01709651512370952	CCPE47-CCPE273-cond1
0.39571240576079647	0.39571240576079647	0.010866997704607787	0.010070743681384511	CCPE47-CCPE305-cond1
0.3315988181733069	0.3315988181733069	0.0	0.0	CCPE481-CCPE20-cond1
0.43907056465487126	0.43907056465487126	0.03512422465158881	0.0385540422581805	CCPE481-CCPE364-cond1
0.4432104354819599	0.4432104354819599	0.033072537342610564	0.02966954145484633	CCPE481-CCPE67-cond1
0.34879284277296124	0.34879284277296124	0.013989092759813321	0.026157762372378074	CCPE482-CCPE117-cond1
0.45206396109345715	0.45206396109345715	0.022218108138650505	0.020982997546130384	CCPE482-CCPE270-cond1
0.5038926529084518	0.5038926529084518	0.0220749416386837	0.020734080106434502	CCPE482-CCPE414-cond1
0.4112808171203963	0.4112808171203963	0.04282983661489497	0.06229156861853845	CCPE483-CCPE90-cond1
0.4178095222768653	0.4178095222768653	0.04097008354101917	0.05075913250845873	CCPE484-CCPE72-cond1
0.42199785755477703	0.42199785755477703	0.008551695178137184	0.008246178266588224	CCPE485-CCPE181-cond1
0.4177627184931029	0.4177627184931029	0.02343320964392171	0.03728852122772354	CCPE486-CCPE100-cond1
0.4211870672577051	0.4211870672577051	0.0	0.0	CCPE486-CCPE126-cond1
0.5236222313536351	0.5236222313536351	0.07260709376916624	0.10572282513198257	CCPE486-CCPE399-cond1
0.5791078083211593	0.5791078083211593	0.07689290509335256	0.12296635254935634	CCPE487-CCPE275-cond1
0.4298580707962201	0.4298580707962201	0.0	0.010218988991416097	CCPE487-CCPE298-cond1
0.6201128677851478	0.6201128677851478	0.035518507003832925	0.05549392985100223	CCPE488-CCPE139-cond1
0.5446832252884103	0.5446832252884103	0.072259989469688	0.09485931467873492	CCPE488-CCPE140-cond1
0.460100765912949	0.460100765912949	0.0656859833575017	0.08141120112822953	CCPE488-CCPE387-cond1
0.39090181990396616	0.39090181990396616	0.030613838746131352	0.030626598500252605	CCPE490-CCPE187-cond1
0.4164043862150075	0.4164043862150075	0.04291657749006021	0.059988003598800424	CCPE491-CCPE344-cond1
0.49630184330901	0.49630184330901	0.038933687512937194	0.07990544789144685	CCPE491-CCPE67-cond1
0.4986172077642366	0.4986172077642366	0.04809860702438819	0.05948118774794625	CCPE492-CCPE142-cond1
0.5479901962005934	0.5479901962005934	0.044462974545080455	0.04199084568128256	CCPE492-CCPE426-cond1
0.4129004909367649	0.4129004909367649	0.05267829510341782	0.058334965024735314	CCPE493-CCPE209-cond1
0.2892709559399513	0.2892709559399513	0.0512989176042577	0.04662524041201569	CCPE494-CCPE353-cond1
0.32806369223600773	0.32806369223600773	0.02291144655411569	0.06357130784371935	CCPE494-CCPE38-cond1
0.34143167982105593	0.34143167982105593	0.008625338180533243	0.0126155140059354	CCPE496-CCPE220-cond1
0.4611217908411131	0.4611217908411131	0.0	0.07119130373116375	CCPE498-CCPE38-cond1
0.6399889068986617	0.6399889068986617	0.027902932696538915	0.027173110446917694	CCPE499-CCPE319-cond1
0.4380951846243315	0.4380951846243315	0.013771831670409148	0.04047223292581765	CCPE499-CCPE360-cond1
0.6750907923383149	0.6750907923383149	0.018280283236902728	0.03780311510503227	CCPE499-CCPE436-cond1
0.45452967144315476	0.45452967144315476	0.021451499026147215	0.025711104030845394	CCPE499-CCPE67-cond1
0.3682468811612692	0.3682468811612692	0.023674027474281167	0.02291746242570528	CCPE500-CCPE121-cond1
0.28670627652277686	0.28670627652277686	0.08216865534971651	0.1246735480574162	CCPE501-CCPE42-cond1
0.6487568322119378	0.6487568322119378	0.09062675200891226	0.140777597497117	CCPE502-CCPE450-cond1
0.5235520703030807	0.5235520703030807	0.03374716423683692	0.06049160146593156	CCPE50-CCPE132-cond1
0.4625510656912305	0.4625510656912305	0.0220997848043932	0.0396759800429077	CCPE50-CCPE420-cond1
0.44444469328676	0.44444469328676	0.020239224690630542	0.03776274560246805	CCPE50-CCPE452-cond1
0.36380343755449945	0.36380343755449945	0.0	0.0	CCPE51-CCPE126-cond1
0.5239016048517746	0.5239016048517746	0.0051648042297400545	0.004826920470672342	CCPE51-CCPE262-cond1
0.5658135095031153	0.5658135095031153	0.05933055656682091	0.06557377049180327	CCPE53-CCPE169-cond1
0.34602283272391654	0.34602283272391654	0.0	0.0	CCPE57-CCPE34-cond1
0.4906225349815816	0.4906225349815816	0.07239893121866676	0.07112867591590194	CCPE58-CCPE131-cond1
0.511190542445853	0.511190542445853	0.02512297172085311	0.04187040231882055	CCPE5-CCPE114-cond1
0.35949831783940667	0.35949831783940667	0.0655297582910654	0.06963575181639446	CCPE60-CCPE299-cond1
0.4083825605844031	0.4083825605844031	0.02888105462829393	0.054998732465693895	CCPE60-CCPE472-cond1
0.4083031588587702	0.4083031588587702	0.033255091162206596	0.0577921337844753	CCPE63-CCPE165-cond1
0.24217235620703026	0.24217235620703026	0.009772038812426304	0.008842980884095828	CCPE64-CCPE43-cond1
0.36364878269900747	0.36364878269900747	0.017107143980890232	0.016181738209458365	CCPE65-CCPE171-cond1
0.4729070414868385	0.4729070414868385	0.0	0.0	CCPE65-CCPE181-cond1
0.2294366268840262	0.2294366268840262	0.0	0.0	CCPE65-CCPE43-cond1
0.4788310693789801	0.4788310693789801	0.030337000856010637	0.07165024125578569	CCPE66-CCPE29-cond1
0.3466876226407682	0.3466876226407682	0.0	0.0	CCPE67-CCPE481-cond1
0.5829294944242287	0.5829294944242287	0.0970096849602985	0.09503261906509311	CCPE67-CCPE491-cond1
0.4295349849022037	0.4295349849022037	0.06790677947220895	0.07012958551362336	CCPE67-CCPE499-cond1
0.44959199417688445	0.44959199417688445	0.042674641774557494	0.0594606927739605	CCPE69-CCPE243-cond1
0.3474160518786897	0.3474160518786897	0.012515654358043972	0.034817875908197224	CCPE69-CCPE32-cond1
0.5477225575051661	0.5477225575051661	0.06587443126365883	0.10581763723479755	CCPE70-CCPE160-cond1
0.30769305082338455	0.30769305082338455	0.039789670649078776	0.038622563423083775	CCPE72-CCPE484-cond1
0.3585119421817429	0.3585119421817429	0.049476695780008434	0.08553520020532605	CCPE75-CCPE146-cond1
0.5134565181888535	0.5134565181888535	0.032543091174483015	0.03091371042684362	CCPE76-CCPE262-cond1
0.5089202883795843	0.5089202883795843	0.033467472037604126	0.04912507507890747	CCPE76-CCPE452-cond1
0.3351775152257364	0.3351775152257364	0.09541404866573922	0.10012368588524657	CCPE76-CCPE473-cond1
0.48741743667595394	0.48741743667595394	0.023140337816687444	0.043721722385596865	CCPE77-CCPE282-cond1
0.6600020404485691	0.6600020404485691	0.14195617631807464	0.14532702322744448	CCPE78-CCPE297-cond1
0.3791856254189303	0.3791856254189303	0.007157479178923353	0.00709952292808831	CCPE7-CCPE353-cond1
0.5726203360302015	0.5726203360302015	0.05146976372306373	0.06553798105533333	CCPE80-CCPE156-cond1
0.5627449509224192	0.5627449509224192	0.03215991072421174	0.03692677590397778	CCPE80-CCPE293-cond1
0.4974961477396494	0.4974961477396494	0.05487696486095816	0.052230716449570794	CCPE82-CCPE353-cond1
0.29234229107591525	0.29234229107591525	0.03443927628343274	0.07515149947525257	CCPE84-CCPE221-cond1
0.46543411466933093	0.46543411466933093	0.009169778710807562	0.030354269822720888	CCPE84-CCPE312-cond1
0.28949572486802916	0.28949572486802916	0.030606668389141996	0.03720996241081265	CCPE88-CCPE117-cond1
0.5149166109215608	0.5149166109215608	0.02888105462829393	0.02888105462829393	CCPE8-CCPE319-cond1
0.38348249442368526	0.38348249442368526	0.008733707726295862	0.008470319065140884	CCPE8-CCPE469-cond1
0.5255614462264054	0.5255614462264054	0.03701353846408955	0.05475940556104659	CCPE90-CCPE483-cond1
0.4482669638635636	0.4482669638635636	0.018595914554431853	0.05479472619564279	CCPE92-CCPE120-cond1
0.47155311166021946	0.47155311166021946	0.07875755501162532	0.07191174652966195	CCPE92-CCPE206-cond1
0.2711311763639852	0.2711311763639852	0.037526395029272054	0.034519262808358424	CCPE92-CCPE236-cond1
0.5409645212519026	0.5409645212519026	0.037709009900252034	0.030334244115833627	CCPE95-CCPE345-cond1
0.5540616222031094	0.5540616222031094	0.06037366181846611	0.07955872214938126	CCPE96-CCPE454-cond1
0.6152497956622428	0.6152497956622428	0.11556793056991935	0.14977942867978727	CCPE99-CCPE149-cond1
0.6476286544966982	0.6476286544966982	0.04810528491321493	0.056129922746106516	CCPE99-CCPE323-cond1
0.5846868779301576	0.5846868779301576	0.03779569739373138	0.06828440119782059	CCPE99-CCPE424-cond1
